492
135
693
969
213
352
292
637
786
537
528
274
788
61
274
174
113
998
385
446
509
382
157
535
56
880
92
804
112
369
858
420
258
701
109
27
14
62
157
970
147
530
451
451
342
89
509
128
221
865
281
120
528
535
477
771
29
180
157
665
985
458
270
838
411
286
571
33
940
53
723
471
123
533
369
512
896
750
15
74
518
768
646
342
55
805
101
163
480
387
319
157
647
589
467
52
576
135
820
230
281
217
943
848
6
439
48
735
216
232
18
978
724
502
763
199
726
156
70
204
14
971
203
372
569
79
736
325
484
700
968
833
559
848
561
64
686
514
213
217
332
546
455
610
397
5
393
562
434
318
944
277
112
102
7
760
93
191
486
982
42
766
4
52
994
111
271
902
861
331
966
22
242
572
854
600
494
507
810
906
863
871
44
170
539
901
377
346
205
497
455
120
575
125
286
291
187
41
356
238
918
954
697
97
415
551
47
11
691
700
13
790
620
442
213
344
954
524
263
253
67
223
358
142
82
197
573
493
258
731
978
56
554
17
959
720
870
543
287
711
111
501
784
698
723
402
638
735
174
350
70
386
230
595
21
738
847
385
561
655
733
43
824
570
398
447
771
86
987
980
392
817
669
41
775
781
789
617
929
346
1
317
116
917
733
148
645
154
439
605
732
748
170
391
213
626
488
977
781
529
618
318
430
291
2
145
923
185
67
981
148
254
312
22
775
444
813
917
444
244
955
157
387
21
10
452
994
206
203
462
888
876
661
883
726
947
310
12
589
55
414
136
263
353
492
92
839
76
64
255
581
374
57
348
621
338
696
185
792
977
356
881
473
770
330
280
210
75
509
962
12
995
907
77
798
929
479
11
18
876
520
203
366
949
516
899
792
430
148
975
978
125
330
595
168
863
457
513
536
529
81
107
129
373
265
30
526
330
519
595
858
94
21
206
185
156
318
772
670
367
60
325
476
440
877
778
926
92
447
629
27
28
746
942
229
770
697
429
30
119
583
994
82
360
932
865
648
445
26
447
830
580
740
471
863
902
146
683
196
559
544
108
640
264
517
113
313
282
511
197
796
226
859
557
49
8
525
143
418
47
674
699
346
147
334
276
327
338
883
153
949
908
991
168
660
22
865
541
597
822
214
220
441
714
958
624
42
745
185
552
365
982
514
591
842
283
280
470
527
496
181
704
585
383
60
152
897
162
115
930
353
87
22
100
999
301
756
540
142
569
663
755
385
888
817
682
495
658
423
23
242
887
6
77
845
179
355
10
498
428
106
16
828
755
673
156
48
397
696
987
198
382
120
388
845
563
188
90
156
211
546
862
253
359
293
645
764
391
304
427
372
38
197
745
27
170
275
52
986
961
12
155
940
277
24
696
731
15
675
666
803
536
4
490
768
989
969
49
88
146
17
894
344
61
869
377
527
462
224
609
348
610
28
78
244
372
65
72
454
188
41
199
881
35
571
457
85
648
860
36
107
793
73
266
559
272
352
20
960
118
525
53
713
127
354
143
62
784
385
725
34
447
442
98
145
974
410
43
978
810
237
111
270
73
244
68
302
933
698
574
369
387
510
734
565
174
819
796
416
722
95
163
114
89
791
221
487
138
9
630
36
302
55
255
344
786
158
592
222
679
506
556
529
287
84
65
181
968
367
337
691
481
149
5
261
195
558
270
885
750
162
736
400
311
483
310
167
5
58
757
13
72
696
966
829
768
421
876
156
746
168
824
101
60
851
832
741
233
239
344
137
40
778
299
265
67
743
562
394
784
308
410
419
578
307
246
864
330
45
485
201
263
321
933
287
193
791
196
476
763
60
46
793
386
246
312
1
861
210
968
871
663
105
827
113
362
712
280
964
976
858
394
26
217
670
932
396
172
177
946
909
976
206
29
573
16
666
213
51
41
11
92
449
41
339
867
129
227
617
940
862
203
281
304
854
734
620
872
505
258
634
781
155
375
69
929
45
542
175
706
834
675
939
149
928
44
145
415
57
934
706
237
813
934
987
925
857
164
652
893
135
119
123
281
33
22
154
738
449
789
77
315
851
233
846
913
800
130
621
373
65
67
137
79
480
282
522
548
410
544
866
922
755
11
110
443
351
658
312
133
208
23
521
95
592
658
7
137
278
15
744
607
383
38
293
738
102
55
2
519
983
74
344
424
93
928
280
532
296
920
128
841
985
248
12
196
865
344
798
586
176
332
637
109
163
29
897
314
68
968
133
540
273
408
615
32
636
638
50
419
51
330
624
857
646
610
205
151
268
276
760
98
50
527
712
270
474
153
220
135
823
801
579
747
440
41
49
807
483
496
56
817
412
327
43
593
112
323
332
156
157
449
205
170
226
45
10
990
456
245
890
625
707
800
773
255
215
88
756
717
703
339
575
509
495
874
7
106
922
912
361
178
145
430
2
806
524
625
1
574
721
126
90
218
845
36
142
751
784
237
739
49
462
36
387
786
692
933
39
235
228
349
779
804
183
496
442
23
432
428
120
726
55
17
153
350
424
222
9
28
257
720
198
38
509
542
41
778
195
42
537
842
712
576
400
5
869
989
522
221
355
84
802
10
19
968
246
677
616
129
167
638
100
15
397
5
889
811
281
67
117
72
160
86
95
800
373
934
71
134
474
536
543
511
26
736
875
887
395
912
616
3
382
265
503
576
19
588
150
111
744
795
282
594
780
292
82
727
551
430
5
348
334
345
572
793
202
945
604
929
338
70
926
905
471
895
2
27
356
499
170
348
228
885
188
224
733
406
624
6
23
273
679
429
160
692
430
466
51
405
937
847
884
255
152
367
52
169
742
955
10
702
718
9
690
479
98
81
475
562
793
285
272
246
185
387
593
802
119
297
547
592
645
31
385
690
871
699
97
772
334
369
712
656
516
982
291
162
392
656
788
835
357
474
37
536
271
16
91
2
104
175
701
254
31
228
362
725
133
967
905
424
789
147
695
396
922
895
47
43
842
884
777
763
329
462
2
730
544
2
138
40
176
175
642
232
898
939
636
996
282
105
396
904
268
42
332
718
612
513
162
18
216
867
201
454
910
961
99
74
604
441
724
261
882
301
175
143
114
63
298
738
664
88
132
964
133
652
14
80
631
864
536
531
466
267
42
953
812
251
394
748
971
484
301
521
996
845
108
10
318
479
197
973
219
909
471
296
33
406
72
39
23
463
515
22
810
455
162
220
35
599
835
619
313
614
97
450
726
208
341
717
12
227
844
744
80
3
277
756
751
815
693
366
99
119
114
988
545
438
416
325
849
21
444
666
469
89
753
445
754
946
999
509
30
133
120
289
809
864
638
49
328
458
66
352
579
174
932
986
971
582
665
582
169
163
278
128
596
34
40
462
100
215
118
739
632
506
464
586
374
18
459
22
684
153
421
79
562
4
545
7
280
200
820
52
589
94
800
124
261
174
103
970
374
510
284
225
844
141
838
450
71
966
262
47
204
332
973
55
283
73
12
154
444
522
303
59
233
689
287
982
507
425
827
80
2
361
535
232
828
3
264
592
154
467
372
976
763
806
79
285
282
400
733
148
47
119
621
594
139
861
304
65
861
404
51
42
637
712
544
332
999
605
13
526
79
8
545
274
52
813
952
38
59
405
829
472
375
578
4
931
35
220
76
160
281
986
114
76
882
212
462
427
866
761
104
634
416
205
463
587
307
840
516
542
416
361
995
292
694
694
429
379
991
279
107
275
618
238
788
847
905
77
186
577
232
428
146
732
170
627
247
29
468
79
510
299
675
574
662
786
794
196
877
953
87
128
532
860
724
756
645
1
16
961
456
472
290
624
805
12
159
221
826
862
114
129
507
907
3
266
503
294
377
997
394
369
813
21
392
643
398
578
791
725
32
290
721
798
849
659
754
641
978
245
731
64
731
9
173
222
308
989
38
422
387
795
105
690
38
135
45
528
4
28
1
177
67
242
152
760
42
943
257
234
379
943
956
345
90
861
971
574
188
933
80
170
181
993
42
991
768
609
242
413
114
61
79
792
849
556
303
819
820
199
555
816
43
942
686
543
765
570
14
827
309
276
858
401
910
349
982
664
591
897
89
130
971
693
167
992
715
324
496
1
195
673
201
36
201
939
42
353
56
258
454
632
344
87
425
762
22
54
154
346
2
649
861
925
838
544
180
260
56
490
726
449
402
931
963
151
728
3
459
54
831
251
240
208
295
285
332
176
299
396
141
30
66
953
138
285
43
33
960
303
743
951
288
23
473
108
404
974
400
782
480
342
459
32
628
179
244
830
55
134
622
913
701
934
231
37
751
10
881
65
638
205
146
434
918
334
58
135
969
604
187
267
85
149
639
702
1
38
732
26
6
217
600
361
441
729
540
588
706
797
882
558
10
825
745
419
425
49
238
51
639
128
606
949
502
108
914
677
623
2
492
120
760
716
133
10
907
487
536
456
493
742
517
829
248
716
788
6
387
790
324
642
715
615
798
209
363
290
174
878
996
280
374
15
23
225
256
357
103
428
602
848
747
415
101
385
997
480
56
128
648
65
120
122
81
788
190
712
80
239
61
899
295
161
331
743
496
46
362
109
121
599
155
955
406
44
12
579
553
417
274
687
958
129
319
887
75
668
193
399
443
114
91
443
964
162
34
752
539
617
597
317
688
329
27
220
737
152
104
89
485
34
993
40
144
711
112
487
867
67
819
36
413
147
909
223
733
93
968
680
673
524
705
82
172
200
754
302
32
680
393
73
291
278
104
204
833
93
442
459
156
819
365
712
778
219
414
833
737
760
491
163
618
158
543
461
318
773
946
38
657
794
699
792
790
617
13
725
578
17
671
43
658
61
810
149
45
813
606
225
682
512
272
243
741
115
585
133
767
62
606
629
99
238
909
959
72
150
646
8
787
186
950
308
753
683
346
902
45
101
609
224
58
213
439
145
202
358
930
118
591
395
203
112
414
72
960
693
982
179
10
190
660
65
314
5
422
142
863
439
274
951
319
781
508
144
114
590
869
249
141
6
544
923
207
81
678
523
709
819
368
142
468
633
146
105
382
738
846
423
779
134
257
827
918
269
986
154
348
129
841
8
206
5
669
947
151
370
145
963
841
278
237
242
108
543
622
536
511
716
52
379
733
614
5
603
564
707
227
47
38
764
2
559
22
500
164
447
307
857
773
122
117
4
403
937
926
559
987
209
475
80
106
796
817
342
876
534
10
268
464
475
882
942
281
118
795
268
135
215
845
714
824
903
6
824
140
189
629
373
347
126
31
721
591
31
30
964
466
86
148
812
968
514
683
692
395
109
148
14
844
651
11
57
274
303
271
623
256
808
425
184
558
246
12
243
599
408
309
797
762
268
136
876
246
400
221
176
486
67
827
204
769
383
275
525
59
321
509
93
29
740
466
16
398
340
196
19
135
271
418
45
852
670
791
153
859
152
996
31
575
44
382
852
416
744
614
320
177
88
847
179
21
530
542
347
128
442
247
79
261
285
159
980
446
767
463
631
352
29
324
737
235
65
89
195
448
789
415
888
3
717
44
377
386
896
206
969
77
57
655
221
849
508
359
402
67
63
30
544
54
185
415
942
941
705
917
217
978
904
479
115
271
851
129
325
999
697
114
749
673
65
542
611
10
470
141
122
689
798
426
259
380
21
552
919
26
384
296
866
874
44
770
460
464
648
35
734
47
7
41
578
681
410
303
641
635
151
681
978
669
297
373
679
487
108
300
971
715
692
410
586
640
940
993
132
484
450
594
527
430
276
68
876
209
392
8
329
705
501
311
53
668
33
801
537
172
996
225
708
103
612
141
558
193
713
7
697
64
629
19
497
650
521
392
613
638
117
929
284
704
302
493
12
995
91
513
620
217
668
721
437
864
903
38
67
332
376
20
632
317
681
761
812
571
318
935
436
923
197
199
47
840
976
131
420
370
739
510
335
632
629
602
350
103
827
3
9
957
22
890
778
420
630
226
170
972
675
79
211
660
273
933
68
262
848
779
408
406
1
388
349
707
349
528
688
178
536
567
759
423
533
52
896
831
204
842
845
576
178
235
326
203
586
438
301
635
611
661
716
901
876
771
14
490
392
924
388
610
123
816
694
560
300
469
764
852
516
14
58
405
355
437
967
506
935
404
826
103
549
779
237
909
759
995
290
369
929
710
186
487
277
475
215
851
422
818
407
956
277
41
403
283
626
523
462
398
931
38
589
269
483
85
918
617
169
959
800
474
556
449
164
889
160
301
341
979
231
106
250
749
728
368
482
20
897
369
180
542
943
510
641
397
603
225
675
347
4
187
603
783
702
4
659
213
809
452
471
684
11
465
552
346
593
349
699
520
31
934
68
152
327
643
128
48
436
919
170
17
614
541
682
454
587
90
422
38
793
22
178
375
745
518
998
696
382
20
73
3
910
703
772
304
991
592
661
511
1
743
688
525
209
101
869
360
9
478
198
262
26
900
606
50
671
439
362
293
423
844
970
382
418
769
48
608
18
55
574
968
788
771
198
690
281
325
140
638
574
466
321
568
788
415
142
306
1
76
363
393
209
468
32
480
767
689
119
707
384
383
20
185
360
320
352
578
42
553
530
402
557
274
376
939
173
40
340
964
11
309
459
112
345
250
528
653
979
564
114
441
391
985
150
187
22
267
1
688
690
937
13
907
349
213
220
39
265
577
632
533
446
802
578
584
468
304
305
488
745
268
246
126
960
515
62
978
580
550
1
247
297
268
839
304
137
908
997
544
2
225
74
446
371
994
283
169
262
532
748
44
42
30
759
769
36
602
130
1
267
198
53
665
103
806
229
180
890
456
98
61
329
75
4
919
15
651
263
391
97
159
280
81
979
18
74
495
341
9
307
127
984
225
96
498
631
345
820
540
866
688
288
477
935
564
235
102
207
124
424
752
381
44
199
969
212
774
59
426
640
904
934
27
84
400
51
138
263
218
604
437
231
88
856
307
12
229
496
493
502
582
20
837
94
234
404
284
36
1
449
382
421
930
136
385
344
200
755
110
380
261
8
571
583
70
922
9
114
671
298
525
614
714
22
586
265
121
625
144
115
682
460
995
644
938
736
672
357
816
131
658
32
415
256
205
276
32
729
1
596
893
510
19
735
965
528
549
735
881
132
926
554
191
806
434
807
67
537
519
589
380
7
155
195
808
158
27
503
464
113
380
428
10
610
669
727
445
597
782
562
525
447
897
648
93
886
351
409
240
875
877
57
681
955
235
643
581
217
973
17
171
625
668
551
323
711
212
147
414
485
738
123
903
158
1
82
542
210
714
96
439
834
431
229
40
902
678
755
211
56
407
598
334
7
449
623
288
877
305
187
659
501
330
276
504
185
12
156
177
12
894
277
13
364
86
220
307
885
382
69
419
636
46
377
96
985
806
44
421
267
35
77
751
871
132
935
16
831
561
143
13
218
924
434
71
607
204
403
530
316
314
360
318
874
374
723
60
4
13
541
15
524
822
49
651
933
581
1000
279
683
524
717
356
131
430
927
62
964
71
620
283
600
629
623
525
815
130
168
100
797
715
971
257
841
234
740
110
68
174
246
347
311
754
151
927
20
326
16
13
257
165
118
858
731
817
519
39
837
395
451
312
551
52
256
282
963
17
11
318
17
181
689
611
435
472
328
220
51
258
676
874
362
676
52
947
936
608
508
657
39
48
494
642
475
114
776
204
679
449
789
97
363
346
622
436
91
178
885
633
754
783
542
144
118
565
699
99
343
6
174
719
924
91
192
124
157
824
509
990
258
707
799
566
101
448
241
407
100
922
95
642
176
851
197
158
491
469
165
479
4
123
80
41
16
822
184
424
805
169
564
818
162
338
557
3
49
1
291
469
32
897
880
907
791
931
133
883
953
972
480
147
47
230
847
956
468
983
563
546
221
652
516
558
227
404
501
46
362
446
16
364
49
868
388
265
506
725
763
308
17
934
134
745
111
598
447
633
159
690
926
201
770
112
354
20
103
56
913
879
178
127
99
784
136
918
898
133
452
41
949
481
197
428
565
240
223
513
812
23
868
663
194
968
957
858
374
91
408
863
712
562
49
892
481
41
8
820
174
486
858
274
507
831
515
690
596
88
472
199
165
251
83
100
384
696
814
824
852
241
427
974
669
34
821
205
137
446
51
652
138
668
431
700
138
907
714
831
220
113
5
593
999
396
742
580
961
190
858
475
3
867
796
76
644
125
951
966
527
684
340
931
757
4
204
150
823
370
969
719
295
645
995
2
935
257
1
160
998
2
471
92
961
7
138
179
923
6
96
305
14
172
396
650
6
8
503
970
234
626
128
500
751
498
14
647
287
16
436
214
362
65
283
229
282
516
61
805
57
592
983
496
597
246
511
649
674
344
828
465
60
207
443
942
265
262
176
786
584
962
919
424
44
51
80
994
24
476
313
333
5
592
629
289
346
818
370
695
543
233
762
170
45
130
112
434
13
417
879
536
515
483
459
996
824
73
170
415
647
624
10
727
445
878
46
10
785
91
556
362
72
953
206
787
400
346
543
886
459
436
846
144
1
282
642
927
13
60
516
562
239
708
867
778
219
418
741
922
739
706
150
83
147
444
280
447
481
377
916
135
350
937
228
275
119
216
622
423
191
640
170
267
866
132
133
807
404
524
807
201
108
959
86
237
436
245
9
155
665
818
106
146
846
33
4
486
132
236
158
451
296
203
111
914
377
361
239
342
556
443
850
3
656
713
937
182
858
973
527
80
473
292
35
616
569
879
990
595
635
875
117
231
621
225
312
166
783
399
286
231
80
619
303
765
373
232
757
810
191
148
237
1000
359
212
467
5
238
520
823
658
187
416
983
646
758
759
302
50
907
242
283
757
825
19
808
4
360
78
821
25
51
428
839
612
487
11
370
385
235
466
305
352
212
937
931
797
388
844
126
11
472
228
42
597
828
64
639
149
398
236
825
589
631
847
731
552
553
899
380
512
430
713
858
179
528
669
896
463
359
955
3
29
604
573
839
942
148
164
342
648
659
389
306
12
671
980
293
886
273
270
252
253
992
422
289
371
120
536
814
906
175
280
495
36
115
15
32
953
701
56
185
792
109
62
713
40
259
922
78
394
48
459
17
381
886
303
356
359
352
456
503
451
975
5
500
927
595
840
451
205
356
232
831
3
537
360
301
42
97
37
499
124
624
132
974
764
112
865
702
663
287
739
600
215
423
158
651
603
674
511
894
995
461
146
606
983
693
974
874
53
296
927
225
992
189
417
121
412
294
60
84
524
453
51
282
816
182
69
458
874
378
939
740
605
366
783
250
950
101
921
153
285
163
217
284
7
994
673
297
31
186
503
276
666
72
767
825
595
245
924
774
742
423
939
172
473
8
44
218
869
563
198
831
560
944
5
875
725
335
916
79
2
27
710
981
176
736
273
55
567
314
639
224
494
103
412
942
872
970
561
17
69
226
479
742
334
62
201
557
131
786
647
474
727
176
933
423
162
147
2
45
6
442
608
147
159
708
490
982
253
152
655
582
96
577
855
265
284
610
14
759
177
822
21
163
3
643
267
630
605
77
645
792
664
430
2
79
665
798
829
630
389
731
353
716
284
443
797
283
875
33
448
119
156
54
590
5
526
696
746
326
470
203
371
241
427
453
314
349
729
629
983
87
52
926
359
753
629
111
76
194
447
458
437
30
259
987
108
578
88
771
930
651
649
742
90
607
278
443
2
345
346
890
705
34
974
420
483
9
209
79
659
144
659
808
304
316
153
518
131
376
726
748
513
855
265
444
981
841
198
374
704
702
301
282
83
108
515
383
267
9
246
78
1
39
684
836
282
8
502
144
929
79
930
311
370
621
186
360
637
790
822
831
965
726
119
38
302
40
509
533
88
335
125
3
778
80
46
404
701
62
786
725
762
581
928
275
98
30
598
965
211
172
737
913
980
823
725
894
6
427
23
558
639
117
848
902
322
754
37
775
966
680
732
266
92
725
188
427
410
195
171
550
375
472
430
188
906
72
756
731
944
75
963
50
254
367
348
748
552
655
947
300
52
270
373
695
41
542
101
115
383
916
238
375
872
548
363
844
55
655
48
446
231
882
653
758
718
348
694
837
151
770
62
102
455
251
875
729
120
837
458
857
464
479
41
822
481
815
333
719
188
712
77
525
435
414
893
354
59
91
487
765
971
298
726
954
557
867
797
654
578
688
682
617
553
821
713
301
806
971
127
987
204
410
237
111
68
183
781
9
842
649
918
911
198
104
222
940
104
3
790
641
111
530
122
815
314
32
205
263
376
81
113
76
124
633
921
187
282
744
199
91
296
681
543
829
917
214
806
250
677
828
529
598
139
86
972
573
237
864
366
510
284
526
832
356
478
660
535
285
826
479
504
31
215
346
811
398
183
920
102
727
243
1
542
988
316
309
174
218
690
573
151
587
266
684
225
487
51
151
815
464
22
139
84
182
608
635
568
776
400
817
910
92
977
76
555
734
727
959
30
549
851
13
732
104
592
83
560
881
40
957
778
764
656
792
929
650
135
629
57
861
15
441
916
24
50
217
956
972
899
692
256
269
647
234
873
952
241
589
190
275
49
100
145
732
19
685
405
768
180
146
916
103
349
111
583
712
314
387
378
833
164
739
4
73
676
143
831
786
444
964
233
953
253
342
837
575
111
823
878
167
318
47
12
426
705
732
15
404
350
26
260
335
486
26
330
568
597
289
569
372
850
921
265
734
870
698
31
924
413
202
299
190
713
101
561
740
665
952
97
379
132
692
22
716
36
271
127
162
1
204
447
322
24
581
136
16
2
888
778
980
777
111
24
997
17
724
775
694
907
901
794
223
490
866
431
665
932
146
45
843
375
634
348
3
428
746
900
763
235
282
492
20
598
895
181
287
246
145
848
355
30
9
389
649
995
108
361
556
690
863
191
96
914
72
638
771
130
240
81
761
96
520
340
384
625
679
6
873
42
224
614
85
116
663
372
264
541
210
802
75
878
9
66
83
516
305
120
544
115
651
52
722
446
840
538
225
146
605
608
55
378
550
15
384
21
131
915
925
275
639
156
907
13
814
776
576
947
592
621
160
347
61
639
968
986
992
370
561
36
490
70
631
20
905
245
734
77
12
996
7
124
733
253
41
989
125
69
131
180
312
107
404
280
806
337
793
503
207
637
226
170
688
953
73
253
814
716
758
759
59
337
882
783
487
152
704
624
997
355
131
321
12
55
887
181
185
354
945
204
610
578
95
826
116
431
775
561
18
529
974
264
423
882
83
258
366
218
78
207
681
66
95
653
409
687
26
73
238
84
872
119
940
357
961
29
969
180
324
663
703
541
225
893
455
186
615
354
407
539
839
46
426
350
268
981
207
370
312
40
707
652
164
403
763
130
409
161
535
399
523
523
145
568
914
21
921
381
152
9
245
216
537
688
37
500
274
14
120
229
398
80
744
521
57
329
2
236
49
454
721
301
845
726
964
48
3
250
317
150
888
957
240
13
291
149
128
821
977
249
299
48
337
367
118
193
554
537
11
655
899
30
31
174
1
116
365
1
108
179
301
186
124
953
144
754
533
256
32
167
828
642
36
145
185
627
959
309
193
46
940
979
636
915
548
496
694
749
815
328
540
774
2
774
139
237
70
428
138
219
894
858
341
316
6
442
791
1
71
902
285
114
355
575
712
217
778
26
214
85
478
134
542
715
733
5
407
772
66
345
309
380
927
195
8
390
336
666
584
428
61
928
663
935
50
653
239
997
33
9
235
525
34
554
622
3
576
100
152
131
293
512
30
713
102
767
998
396
755
244
49
525
246
641
796
942
489
785
273
857
992
710
821
695
97
123
422
220
477
808
634
31
240
595
702
3
73
807
409
313
66
253
537
893
57
618
384
431
293
122
174
189
638
980
859
509
229
75
594
202
95
158
149
102
908
335
129
453
638
104
795
540
761
48
792
261
712
412
916
308
289
587
25
38
480
5
456
431
169
19
399
136
439
980
970
222
152
447
18
707
390
129
488
228
761
543
926
541
760
46
686
830
990
215
558
286
763
98
954
61
708
717
450
169
887
39
185
45
846
682
750
491
787
758
339
122
700
611
857
3
606
488
206
366
37
573
784
135
485
690
8
175
599
120
263
530
168
139
598
157
938
212
195
492
90
463
364
339
963
356
987
929
663
388
140
363
108
106
583
794
612
908
936
20
6
240
925
403
69
179
423
611
705
712
76
274
149
59
14
60
161
719
409
548
184
193
760
995
909
39
773
677
211
403
269
386
21
156
600
934
466
274
491
989
396
316
270
130
312
837
97
821
335
903
82
992
542
158
369
941
23
871
102
79
412
809
667
122
74
433
716
214
941
911
398
40
50
57
562
773
34
285
371
221
7
960
60
37
432
467
350
913
340
83
60
48
852
482
59
436
283
29
21
485
150
72
659
5
132
839
548
339
608
295
215
637
36
852
658
369
719
903
949
638
965
917
44
405
908
621
297
2
723
872
510
845
7
721
969
658
584
834
403
667
831
272
2
110
851
231
329
167
127
90
934
983
834
411
133
32
699
108
557
215
5
658
67
40
932
74
207
7
142
766
557
455
580
898
3
362
63
417
7
805
711
268
344
142
778
537
350
190
737
468
362
730
814
527
505
555
35
906
809
429
784
182
565
287
776
51
67
333
242
392
417
646
27
2
812
417
224
832
838
13
774
51
698
142
998
217
641
501
189
225
38
780
561
463
628
509
669
160
495
233
662
968
89
440
6
105
955
326
701
66
419
484
859
690
12
546
293
259
648
719
526
150
220
945
251
8
82
254
910
999
577
79
793
60
424
54
488
807
976
170
600
78
985
89
292
1
691
54
45
2
220
36
72
546
978
560
879
678
191
271
555
417
398
990
812
84
468
685
664
808
607
644
85
47
714
145
816
651
745
96
360
162
672
15
500
77
132
339
453
44
223
407
454
650
185
14
306
69
43
383
12
806
352
767
856
622
181
584
52
183
180
633
635
125
862
223
935
256
837
60
939
4
6
145
910
662
31
888
45
344
841
752
599
78
407
51
765
468
381
32
663
290
887
383
280
2
427
300
813
702
711
5
98
599
557
37
132
993
390
139
188
262
15
263
672
34
401
4
941
680
52
85
46
975
69
50
26
813
308
408
625
23
146
254
247
220
799
112
362
1
583
268
165
109
113
146
825
422
233
21
499
215
128
487
631
508
409
794
444
933
454
618
216
197
369
399
201
110
728
598
629
180
132
444
457
993
388
886
24
69
157
603
929
315
82
934
244
613
189
515
155
561
641
668
553
785
814
67
419
67
725
289
463
441
356
792
465
193
800
789
37
887
517
109
414
460
578
103
214
139
755
372
978
174
841
126
898
767
561
536
802
494
17
576
168
577
849
711
567
549
595
240
124
451
355
590
52
859
398
17
540
33
762
201
468
636
375
201
311
877
805
229
99
364
470
814
955
504
557
961
20
680
347
51
723
133
306
440
14
618
601
734
25
31
249
457
127
276
196
427
932
373
840
584
335
13
551
970
533
976
537
323
851
826
10
952
143
929
61
92
371
222
730
859
849
641
95
523
770
72
814
358
88
530
385
53
723
566
519
4
145
330
280
885
56
949
671
400
33
337
362
199
40
939
138
424
666
880
148
217
160
201
91
23
548
258
562
439
583
29
647
764
901
55
257
730
215
994
531
70
689
13
992
920
99
908
251
235
100
413
768
1
3
648
404
178
574
219
623
285
676
148
723
483
45
270
127
24
861
670
50
403
205
74
303
418
473
851
28
446
686
607
559
139
131
49
557
319
697
574
822
720
47
524
339
718
1000
528
267
66
744
837
8
264
127
99
34
54
90
503
353
869
753
279
269
248
712
302
996
299
82
684
26
687
922
424
907
956
204
616
141
57
334
572
684
21
370
490
598
21
110
74
805
79
5
359
62
935
184
805
606
719
895
303
341
865
226
352
517
351
810
72
382
397
23
268
39
357
247
208
113
109
59
763
503
53
874
522
109
625
921
321
884
214
400
96
924
37
830
403
263
250
36
553
761
523
879
10
359
383
713
926
365
993
155
901
109
883
122
270
4
47
4
473
737
703
814
81
298
582
407
523
368
110
572
601
846
120
57
279
796
119
812
724
810
275
668
64
287
802
16
269
496
115
68
718
803
560
197
262
118
203
115
520
783
655
145
355
390
25
259
849
77
583
606
408
465
631
173
136
66
920
26
791
894
46
356
371
16
522
295
638
609
90
253
836
691
393
276
15
696
592
82
926
156
706
997
736
633
293
267
197
472
711
25
369
255
8
369
281
900
30
662
345
499
450
629
170
95
582
305
1
425
777
65
354
563
413
160
542
857
516
486
23
321
516
828
623
412
440
186
569
769
592
683
237
67
590
195
428
789
421
795
448
640
838
657
740
250
335
818
297
197
262
381
24
783
758
183
493
698
731
18
418
345
117
5
374
305
397
600
521
264
395
473
983
382
78
886
967
471
425
59
592
39
578
83
278
351
453
247
525
182
742
202
388
395
168
759
85
596
297
557
108
214
637
929
95
451
812
969
647
91
430
685
194
395
89
30
748
32
72
250
205
48
957
430
196
373
203
724
557
707
239
110
294
681
52
643
158
541
579
642
880
898
155
635
655
218
921
603
331
502
263
224
280
283
473
223
241
814
456
644
129
566
414
325
281
162
97
138
553
807
991
160
646
435
578
726
574
769
958
958
557
384
538
118
145
112
837
796
11
731
550
434
244
317
356
349
695
61
890
185
242
566
292
719
337
131
206
692
398
21
379
188
734
515
245
702
980
484
184
265
286
656
81
541
379
578
484
10
178
74
653
391
959
296
219
298
86
418
53
30
313
871
471
84
502
110
824
292
970
562
501
974
773
647
202
15
659
238
513
814
869
642
313
876
495
472
83
157
225
690
548
152
627
827
601
702
440
30
904
575
913
1
801
319
70
265
937
645
355
459
580
300
896
734
325
482
687
235
776
189
238
635
935
73
367
843
846
603
293
67
611
813
651
69
958
205
352
649
488
432
139
934
27
317
407
477
62
950
500
384
818
261
709
626
21
860
541
362
139
211
89
468
121
132
370
265
128
550
110
381
407
780
741
220
941
928
404
86
214
114
466
600
750
268
274
168
362
21
111
337
951
829
571
34
964
84
992
595
412
472
523
217
188
517
389
171
617
129
74
585
320
205
416
874
132
47
329
402
679
21
456
136
331
864
640
3
978
490
629
2
98
59
963
893
472
377
686
191
700
502
581
841
525
277
855
371
42
116
738
444
125
580
195
81
757
728
37
77
291
570
29
739
676
64
529
656
295
409
210
596
184
265
475
957
275
897
177
500
846
730
38
544
770
555
688
811
7
516
594
360
191
483
192
585
908
93
945
54
193
711
321
263
840
541
232
152
355
397
269
169
63
193
346
413
92
120
851
627
870
200
271
614
601
106
932
841
820
487
591
644
224
325
234
130
502
549
422
837
657
593
718
745
656
838
158
176
977
34
525
4
301
94
430
384
997
54
81
612
87
426
457
123
684
510
737
6
958
95
122
208
458
538
602
569
2
154
316
742
473
91
352
716
98
813
530
75
612
948
183
55
989
934
494
866
315
321
340
901
850
717
17
194
780
258
612
545
402
481
721
744
291
619
411
424
21
653
593
141
745
338
759
605
151
222
287
136
837
167
961
610
769
389
734
125
624
370
255
574
631
266
27
870
433
162
576
997
983
947
380
740
584
472
420
388
222
865
207
45
415
734
106
917
155
543
99
443
270
807
376
993
159
881
691
816
467
830
393
69
121
933
123
79
38
846
288
99
50
15
271
525
65
252
890
441
118
258
62
9
13
533
28
18
802
878
541
25
12
466
815
264
545
479
23
616
277
608
141
388
211
410
640
912
533
43
455
219
498
203
606
45
341
910
17
375
20
354
837
631
985
621
339
291
157
211
465
223
324
593
388
23
407
705
854
754
18
744
558
782
392
13
167
58
616
444
781
704
336
496
598
881
54
204
1
278
497
125
158
463
34
511
935
163
589
951
698
924
12
18
640
470
97
173
107
415
837
125
400
62
648
121
134
741
257
860
614
146
970
326
753
22
508
106
289
105
355
918
43
325
628
225
812
448
742
167
494
2
105
487
79
724
450
565
951
810
181
751
470
180
804
199
608
723
574
198
846
341
464
103
858
290
930
944
142
322
90
721
365
926
326
936
759
697
108
375
793
894
689
138
792
195
331
713
323
178
511
295
37
693
479
662
959
313
397
634
973
120
315
457
807
141
560
323
310
8
569
328
755
448
211
230
41
459
164
691
64
936
352
114
986
35
960
719
188
85
224
794
920
92
100
92
407
550
17
1
203
459
601
914
605
75
135
379
918
801
328
885
361
433
365
375
205
88
158
763
698
950
54
553
7
266
680
735
808
912
146
962
5
151
897
517
756
820
81
820
991
24
481
915
159
33
99
873
11
997
1
777
38
273
981
813
128
188
93
737
630
4
29
253
113
496
879
264
195
480
605
400
927
210
603
505
757
748
21
173
751
794
30
977
988
807
304
86
462
507
106
363
355
76
964
942
422
778
336
481
105
198
559
415
543
925
906
318
39
994
89
729
1000
509
421
200
32
279
656
955
558
415
849
430
96
666
227
49
895
171
457
542
217
404
96
547
864
44
41
788
925
49
663
425
425
243
536
490
98
343
383
134
676
432
444
167
414
331
89
146
559
979
218
289
418
436
750
729
604
980
832
917
232
21
139
478
155
797
626
527
324
504
105
169
960
378
197
150
135
588
42
781
858
17
85
2
892
621
398
268
924
268
333
227
482
275
172
376
683
830
338
138
35
775
91
57
769
885
531
543
110
973
631
711
335
214
211
819
261
408
3
921
666
507
803
31
262
264
626
209
839
350
797
140
44
975
25
163
781
954
800
737
861
531
454
441
74
487
180
946
68
335
894
215
445
48
76
884
170
320
299
659
101
188
281
581
345
62
226
401
17
801
193
830
877
847
181
687
907
600
311
767
663
66
93
610
235
166
288
906
275
400
319
222
899
297
369
554
694
584
547
990
82
228
2
26
558
591
358
454
658
124
926
239
413
89
879
524
512
333
252
710
744
888
408
774
977
842
730
214
900
335
275
810
12
757
227
921
860
257
805
19
826
494
195
156
292
845
9
413
537
667
578
69
434
276
159
734
59
14
495
190
582
73
21
472
908
76
692
546
71
113
39
862
424
382
522
379
2
279
479
177
102
603
450
464
360
147
233
550
113
128
183
289
82
784
885
2
91
598
817
901
791
490
34
250
498
594
677
138
779
617
104
24
271
982
728
419
719
247
696
645
766
126
121
319
81
214
231
501
211
498
145
374
752
357
515
401
791
388
78
152
33
178
122
185
107
19
137
554
828
484
114
426
35
164
785
422
425
26
571
775
175
386
286
526
174
138
5
3
102
996
201
610
358
586
976
326
695
472
848
448
193
541
195
41
609
181
515
475
450
446
486
500
87
141
429
489
239
267
186
424
867
612
527
86
773
257
791
335
194
393
377
32
309
234
453
46
184
790
283
181
376
973
986
209
279
344
346
937
45
824
518
105
152
825
358
38
789
752
119
520
23
924
658
653
472
446
423
957
899
971
954
360
275
167
402
265
980
105
514
973
720
339
567
857
170
449
826
53
149
995
26
610
870
340
641
653
477
735
132
326
938
739
498
63
331
150
87
128
319
593
72
519
770
723
27
392
980
249
104
228
7
924
738
768
421
598
3
367
944
582
168
617
882
957
485
326
773
173
878
812
513
992
217
55
805
686
210
82
25
2
597
181
108
852
736
606
241
712
65
186
242
779
129
819
572
48
959
259
248
21
195
997
852
148
733
582
484
251
150
43
699
214
521
19
527
924
648
651
425
256
363
556
134
485
97
83
770
178
789
540
650
358
573
61
216
916
1
99
91
546
126
44
440
21
217
883
721
596
316
105
78
987
8
399
514
195
62
189
515
5
156
361
507
534
241
137
917
151
278
259
224
435
564
154
586
663
140
355
246
37
72
821
79
815
1
379
204
290
109
343
20
138
246
142
275
612
335
432
719
39
168
392
13
319
323
29
88
803
780
173
384
51
985
660
643
322
444
901
211
445
458
9
69
427
625
552
684
329
383
25
795
102
26
880
499
276
154
624
134
403
89
829
572
169
428
286
195
991
51
502
74
498
945
375
482
62
496
637
132
916
29
757
66
809
623
105
382
17
958
550
221
841
578
653
224
250
90
947
324
391
722
106
767
916
132
349
270
78
447
254
491
796
248
784
977
79
1
771
7
737
780
401
951
544
998
746
510
643
269
874
66
954
533
68
14
136
766
879
537
932
710
824
628
669
213
522
454
362
830
498
659
808
581
97
942
462
11
789
406
729
660
979
267
221
183
863
585
48
391
600
545
916
202
95
166
654
958
481
10
2
921
543
518
926
289
222
498
490
407
948
55
953
139
85
461
877
440
624
132
446
236
163
318
905
830
112
797
201
942
178
237
912
649
849
697
241
346
396
282
543
502
760
749
216
86
592
853
649
176
382
160
1
33
354
908
456
299
900
67
768
813
740
105
823
340
422
247
83
640
134
470
278
608
821
196
204
14
583
100
241
795
595
417
818
944
391
67
12
34
719
48
372
986
389
120
935
174
9
481
594
399
944
530
626
671
51
17
670
85
116
691
555
9
105
32
211
620
231
947
450
376
743
732
592
77
262
214
317
976
11
821
77
520
422
95
405
917
293
753
22
956
932
652
440
2
5
135
759
89
247
39
484
9
787
399
128
14
555
785
211
696
146
884
21
455
11
238
735
302
644
303
366
323
747
66
678
920
291
529
878
175
829
833
755
357
26
187
566
579
23
312
79
298
293
88
979
400
93
310
291
699
373
17
276
246
672
121
114
938
232
325
18
657
174
423
572
508
957
248
964
997
513
867
274
884
433
222
842
508
705
232
344
257
865
599
625
487
363
107
153
461
764
423
68
140
780
504
830
731
203
288
734
765
993
850
131
340
17
273
305
689
311
760
302
158
234
587
216
386
627
116
926
261
239
782
820
37
722
560
854
193
867
303
745
511
443
84
78
244
864
593
356
636
579
524
63
613
517
958
70
33
759
244
710
459
387
717
228
943
759
996
247
7
211
873
629
918
626
962
812
644
661
838
498
234
754
480
153
24
128
429
742
13
145
229
952
568
254
716
246
815
115
608
863
69
602
57
718
520
73
181
195
795
644
761
485
602
246
743
90
469
560
986
280
671
256
886
874
26
176
71
3
69
331
945
762
662
809
631
354
475
430
120
480
131
340
91
686
298
305
374
813
24
551
696
40
253
894
803
803
509
603
43
949
510
15
679
638
716
68
969
649
390
566
558
700
161
872
23
370
194
47
68
268
824
352
615
101
71
517
203
595
93
927
152
842
257
6
757
6
169
221
612
645
982
228
157
304
262
186
37
648
861
545
988
579
547
4
309
150
414
609
127
32
404
542
505
51
967
572
932
458
979
555
840
935
175
166
724
713
76
4
758
956
978
354
569
962
601
988
247
57
224
443
456
276
735
94
34
562
1
165
573
552
47
366
135
706
799
138
70
422
632
483
847
688
756
372
437
373
681
57
238
778
83
48
687
71
470
48
921
17
936
594
554
833
797
66
17
345
68
361
745
196
449
576
602
196
477
542
710
564
116
2
342
826
593
156
871
867
35
519
59
862
854
198
386
52
889
806
733
422
894
560
503
878
530
538
117
20
533
9
722
397
38
199
145
285
562
410
276
102
929
186
1000
79
906
343
400
337
544
265
396
865
848
209
406
974
41
7
498
111
970
44
666
560
561
768
545
570
298
791
964
589
690
255
929
65
56
121
619
969
215
770
987
584
393
559
313
143
15
408
632
886
467
906
852
105
369
186
136
458
843
725
93
473
23
601
176
345
397
706
143
21
180
47
353
579
136
303
408
49
849
320
573
417
26
479
480
610
328
27
68
866
322
776
254
671
168
378
99
97
26
864
675
362
739
497
739
325
5
544
668
223
583
674
270
134
761
334
168
753
41
767
386
755
826
998
345
166
52
64
303
458
56
229
641
388
426
247
491
338
514
263
272
347
121
55
3
314
898
4
143
121
47
758
505
999
203
106
184
50
514
714
4
208
723
164
929
876
272
382
956
6
20
276
764
204
857
109
387
1
889
865
850
126
82
46
142
731
420
823
70
829
328
235
628
426
121
712
691
980
398
737
979
683
685
530
43
320
197
399
691
444
150
100
451
891
833
545
793
465
31
95
67
826
460
451
572
104
715
513
109
866
144
471
573
454
386
748
168
968
364
648
420
171
287
109
98
548
11
10
360
933
410
582
365
774
184
593
346
940
719
530
334
97
168
962
127
131
599
203
411
703
554
489
733
109
948
417
315
5
59
845
468
527
797
167
618
725
611
963
6
425
119
742
738
802
695
117
178
606
867
772
529
799
137
501
391
361
382
713
305
907
156
66
913
826
12
590
847
549
264
68
501
675
44
836
487
949
897
288
365
621
548
38
775
604
85
396
805
343
402
332
117
307
650
60
215
718
4
173
658
503
621
920
121
999
61
680
848
645
51
404
416
272
427
114
364
491
468
336
130
673
973
384
64
680
265
212
47
622
323
798
308
424
383
43
947
363
73
163
516
200
370
338
900
943
597
407
763
597
900
933
766
335
34
798
274
25
495
401
420
50
134
236
567
571
138
241
175
438
317
336
778
558
162
379
181
924
412
57
795
375
287
445
589
620
935
62
534
101
809
509
441
989
109
478
156
92
675
691
280
256
544
65
270
119
956
448
164
376
134
19
803
347
428
100
354
309
806
2
165
305
849
28
417
218
15
785
660
505
840
328
303
926
68
902
23
601
242
258
493
530
18
615
661
845
16
65
780
889
278
968
843
889
135
410
431
440
21
650
496
775
196
936
427
949
568
888
35
76
167
996
963
61
955
584
680
26
346
423
428
324
180
476
576
279
397
11
875
448
814
14
308
58
27
261
677
780
693
23
461
559
94
271
69
145
88
217
34
750
119
784
878
289
688
915
878
130
686
306
220
375
214
6
181
297
39
188
461
74
317
457
312
220
620
66
521
975
739
6
16
409
112
538
600
917
295
163
260
74
24
734
362
354
775
708
130
975
672
38
894
754
677
768
677
327
135
334
269
50
773
84
232
392
853
984
221
694
70
948
666
939
276
194
926
514
552
643
143
40
128
113
148
692
931
522
889
329
656
387
932
324
852
930
152
18
111
363
544
190
370
477
636
663
713
392
428
91
748
406
305
407
113
585
887
129
835
677
68
896
107
584
49
355
599
895
922
370
461
410
70
63
383
227
407
270
138
938
247
268
403
425
262
426
495
722
510
480
907
284
768
239
948
838
290
380
74
210
116
490
357
18
309
294
9
109
356
537
802
398
209
312
957
940
943
951
295
723
282
26
498
94
231
550
274
203
332
356
494
520
777
7
440
185
113
212
873
474
760
177
244
786
418
939
859
387
23
277
291
270
869
813
11
263
242
1
302
856
110
791
846
558
138
410
744
35
48
244
720
14
7
141
469
14
446
31
384
197
50
46
74
427
519
110
145
19
514
678
747
721
380
787
36
5
21
219
854
259
162
473
947
679
286
821
123
159
992
733
309
619
420
64
105
348
313
272
845
129
291
217
99
513
17
869
877
143
534
783
861
82
318
125
190
761
49
873
425
688
502
73
132
75
462
14
826
45
338
704
644
192
53
911
307
768
573
471
114
639
782
904
141
424
346
899
336
917
133
380
633
188
178
383
459
227
164
675
399
60
445
336
293
37
906
237
337
279
64
51
283
202
5
258
185
116
272
169
10
568
806
571
104
383
347
366
11
798
690
134
753
532
480
425
96
352
214
394
484
615
35
499
35
524
921
818
923
969
211
60
790
971
409
227
665
755
102
471
910
420
266
365
370
774
39
514
547
153
238
567
685
958
138
309
181
672
849
787
520
325
114
724
327
541
261
412
900
751
493
52
770
870
848
4
751
3
383
233
677
696
157
902
157
332
268
58
46
934
154
260
379
47
645
131
205
753
411
328
746
136
866
770
185
15
399
889
167
314
525
14
36
421
325
33
830
377
895
823
212
561
934
811
387
792
362
541
157
743
290
130
863
48
733
1
820
272
256
750
785
604
618
264
968
476
565
454
488
393
117
387
121
377
419
926
67
823
368
516
187
15
497
326
785
395
182
423
155
894
250
870
359
19
855
620
361
478
264
22
855
971
646
388
36
999
10
335
610
925
410
78
313
629
851
605
808
843
850
853
631
732
506
193
212
11
163
707
863
566
94
339
736
30
20
579
294
66
14
487
743
625
112
809
67
35
164
615
700
576
441
463
345
522
641
754
677
98
965
109
546
33
541
828
525
873
623
211
83
9
257
330
465
604
945
194
704
350
158
22
247
64
452
46
991
677
125
176
137
182
223
677
16
865
589
846
608
635
154
82
310
237
631
24
585
9
349
802
920
303
815
676
586
516
210
271
657
323
222
796
386
274
425
370
274
401
334
780
318
457
14
972
447
955
482
945
77
843
23
550
433
158
159
984
434
404
454
533
868
744
56
119
509
404
52
2
3
328
798
669
140
677
761
782
465
79
72
416
114
215
3
368
709
787
