904
452
93
118
51
1
5
922
4
85
594
6
71
493
404
536
1
10
145
1
69
357
975
209
6
35
80
967
272
1
90
869
127
37
83
973
26
328
590
65
26
1
18
1
62
240
7
6
259
297
56
115
399
491
5
16
741
36
24
79
686
36
2
5
34
26
222
97
2
390
52
11
2
23
704
353
826
557
132
3
1
80
447
103
839
413
43
1
117
9
22
190
158
15
782
539
647
38
237
200
323
670
86
800
36
4
844
647
329
1
317
183
156
6
506
102
372
16
1
1
561
75
113
9
244
41
7
136
203
11
655
400
553
295
1
1
568
41
23
860
451
22
710
433
14
52
777
855
303
379
83
20
3
67
627
156
381
390
416
995
342
101
79
453
39
30
428
341
30
727
85
32
3
188
844
508
11
579
553
865
475
283
354
40
288
8
374
44
1
120
736
193
299
213
371
314
458
981
456
1
20
671
1
25
480
3
6
1
82
1
571
62
239
49
184
438
77
1
1
105
161
587
271
570
1
499
106
498
4
583
980
167
1
762
2
686
19
908
193
444
333
4
736
3
40
110
22
264
290
39
390
276
997
522
19
3
451
38
19
74
31
484
776
1
62
922
50
726
870
995
438
219
50
982
6
77
199
2
834
1
6
222
3
37
27
40
448
764
30
28
26
218
795
280
10
48
38
22
28
656
76
481
99
925
29
272
1
106
72
746
242
462
22
19
149
188
204
85
79
424
33
18
7
183
62
6
60
512
167
536
18
7
1
80
394
53
90
114
81
103
375
8
8
219
8
26
103
249
64
790
1
430
2
25
14
142
337
727
328
322
37
1
28
31
21
231
100
54
202
579
35
826
3
684
28
984
143
591
8
842
179
933
700
39
237
2
128
582
216
2
88
347
103
2
1
6
25
2
31
924
992
9
3
34
380
406
32
148
383
166
760
26
33
96
31
3
4
206
20
52
29
38
249
49
623
214
2
6
3
807
828
41
501
3
426
840
1
2
856
759
769
11
98
372
3
826
2
6
235
5
6
7
309
189
308
28
339
3
222
3
720
133
414
852
989
221
53
84
4
706
535
943
55
4
6
141
423
228
585
634
799
354
32
589
235
103
10
4
338
221
75
841
53
686
513
10
4
349
812
155
34
1
112
905
20
1
551
8
137
315
3
335
284
193
1
189
383
176
2
323
598
5
1
35
199
183
11
255
303
176
38
253
27
1
562
324
457
64
150
816
477
69
2
357
139
223
389
740
189
122
1
21
94
27
6
262
1
887
260
22
3
630
207
716
27
352
307
728
332
21
31
53
42
39
47
271
171
1
755
375
868
4
134
3
193
7
16
67
18
732
970
1
340
252
122
137
31
7
958
541
387
40
3
51
5
34
11
798
177
2
891
288
390
816
7
5
764
2
8
10
4
525
375
15
37
2
801
583
3
130
97
135
1
1
269
629
91
1
243
37
4
2
891
608
391
25
66
211
750
178
274
11
1
3
439
73
11
947
42
77
93
70
972
6
204
1
805
536
14
56
91
125
65
271
568
52
126
162
74
78
130
789
1
5
41
28
699
105
372
553
31
574
5
16
22
510
2
21
316
393
5
4
61
260
73
307
264
252
31
3
1
539
387
5
448
843
532
338
173
14
397
32
19
372
1
49
136
378
534
985
501
61
5
109
216
10
628
14
43
1
360
6
11
101
364
668
26
185
333
336
126
870
7
19
3
10
1
24
63
204
729
1
1
564
9
599
354
1
555
57
2
123
10
221
963
217
386
146
122
258
281
672
196
26
35
1
199
134
41
54
973
157
520
84
357
4
686
428
22
6
64
24
1
711
279
3
47
14
43
31
932
1
88
1
530
5
6
68
10
548
7
609
827
53
83
608
227
723
186
45
3
178
99
27
56
27
1
40
616
3
409
295
20
94
494
42
456
26
3
864
109
20
18
7
300
612
2
4
6
732
16
4
1
11
841
4
228
692
174
44
256
849
287
15
808
7
388
335
149
11
119
45
3
544
125
62
2
16
87
326
405
530
51
9
80
295
34
199
274
277
13
14
176
462
257
1
151
78
933
123
1
28
5
12
377
1
387
1
118
49
151
17
12
1
931
3
224
48
377
5
43
572
521
2
3
5
423
183
624
914
919
2
7
841
370
25
170
867
33
179
2
16
974
12
92
231
485
216
124
43
1
1
739
160
199
221
384
844
759
225
85
13
15
52
457
55
194
12
136
396
39
4
765
252
98
1
4
16
930
583
359
359
431
5
94
100
450
113
1
525
254
84
354
994
10
1
148
99
10
243
708
69
138
12
903
853
23
128
249
7
313
21
58
118
273
931
7
6
37
953
32
39
727
696
6
324
673
2
64
5
290
69
115
439
2
10
255
3
360
249
997
833
709
234
45
915
30
5
17
636
61
229
911
56
551
851
108
145
192
236
783
11
185
138
736
637
141
216
1
975
200
942
20
154
162
595
715
867
807
9
278
578
283
462
9
241
124
289
85
11
699
436
382
4
2
529
346
83
49
15
36
34
618
597
720
79
419
635
8
34
19
350
128
375
6
655
4
5
222
263
3
380
24
10
147
326
158
336
339
626
76
377
8
927
12
467
627
990
7
663
113
2
981
289
755
207
195
205
8
616
974
120
708
624
108
773
622
204
660
270
48
21
351
74
314
113
165
840
660
68
13
308
787
509
68
2
1
6
1
143
318
12
228
42
39
454
47
863
135
454
910
433
453
651
314
2
5
223
1
131
241
633
155
31
354
349
322
32
29
59
31
28
1
74
6
132
318
31
185
12
302
334
76
980
547
10
2
343
74
224
474
68
545
16
739
386
577
583
826
860
4
405
398
221
52
370
27
4
946
30
252
79
406
4
93
120
539
661
770
267
204
226
242
754
51
557
961
640
13
2
16
4
34
1
429
83
4
61
11
22
446
93
717
1
355
374
1
585
2
106
595
711
2
252
347
152
28
961
541
4
2
4
88
175
916
8
4
866
1
251
65
917
4
12
290
123
160
159
17
29
336
106
357
304
30
92
248
146
93
17
229
120
12
632
1
370
14
5
32
65
506
14
12
34
420
156
280
42
50
335
848
103
384
29
163
309
90
197
867
2
205
1
272
755
12
993
90
552
110
16
242
307
343
347
414
436
42
832
23
488
225
2
274
17
109
6
603
1
455
529
78
3
824
86
41
844
294
34
151
723
56
76
385
826
98
35
67
122
591
4
184
428
662
779
835
278
55
1
15
280
31
153
367
126
685
408
2
345
1
365
630
161
127
215
7
689
179
356
1
66
744
763
358
70
18
82
9
107
4
15
189
333
72
10
519
29
256
620
95
837
1
195
85
881
86
444
254
434
136
279
309
197
286
913
625
375
570
59
47
349
219
145
804
2
7
1
24
181
95
1
90
110
2
94
91
444
153
519
17
111
47
126
9
73
118
5
357
74
5
617
163
215
39
763
728
29
4
474
11
15
258
244
85
11
720
375
36
81
158
786
178
53
490
128
85
433
225
17
790
3
324
273
338
546
310
156
969
35
137
292
1
26
77
137
16
624
279
5
399
5
3
31
3
791
912
761
704
922
30
30
52
1
16
212
46
107
38
80
3
3
2
15
58
271
47
7
216
642
562
288
17
4
4
63
601
1
67
2
750
698
875
140
103
3
38
9
16
928
282
4
717
16
259
6
7
22
926
163
213
45
1
71
3
735
366
10
108
277
272
329
160
312
9
565
1
13
10
243
6
589
4
2
1
8
58
1
192
254
386
600
968
211
436
704
389
72
97
868
228
4
3
400
12
61
695
495
1
23
416
18
56
242
363
4
661
410
2
200
669
18
475
689
495
530
410
495
22
133
4
136
377
93
62
743
117
3
174
27
76
153
37
2
5
388
1
4
985
74
271
35
357
24
15
118
238
5
285
64
2
297
371
9
840
950
268
682
1
67
714
154
681
507
772
741
562
8
419
4
51
663
154
251
19
713
14
380
1
430
55
75
422
43
2
140
48
316
90
3
457
83
179
5
19
445
584
275
77
744
43
818
810
21
1
376
7
416
35
983
791
13
66
800
4
247
166
29
109
2
940
1
569
299
369
217
325
83
2
228
3
557
308
17
457
14
57
936
10
11
203
81
126
682
1
145
13
2
822
482
12
1
542
7
189
126
566
1
682
1
3
39
54
544
566
476
910
321
373
395
444
130
1
4
153
2
183
31
113
14
362
698
19
386
130
432
433
812
1
29
567
492
88
307
12
114
637
158
927
8
581
432
832
18
1
9
324
217
252
2
688
7
56
807
288
24
135
19
109
109
163
212
233
377
52
707
453
31
342
91
443
55
10
19
558
13
42
36
7
37
641
13
201
331
242
25
252
210
1
388
830
18
27
286
7
180
179
21
421
275
5
2
120
972
384
367
138
2
382
833
660
2
227
1
465
873
139
31
58
117
328
29
1
964
149
509
381
29
1
11
191
43
815
893
170
337
368
98
645
5
564
93
129
14
168
525
14
3
1
55
759
3
621
24
2
373
133
10
294
245
605
189
83
596
119
3
718
969
431
426
154
97
1
359
21
232
197
126
282
184
29
1
370
456
1
411
19
65
2
3
10
56
203
14
14
111
473
197
163
73
110
51
646
179
80
545
67
54
656
188
575
162
3
781
23
30
34
521
56
166
111
516
23
268
18
263
577
84
182
386
77
104
32
29
1
177
333
566
6
27
774
27
9
145
570
461
202
9
121
8
131
6
12
55
561
184
453
5
50
407
13
488
375
43
152
6
427
1
566
1
7
378
70
70
197
45
43
977
923
151
5
604
2
21
249
60
7
382
874
344
161
757
12
4
48
217
27
3
259
2
755
179
137
80
207
102
34
58
108
52
99
35
12
264
9
100
12
88
529
341
249
27
2
52
691
774
4
35
50
202
3
293
11
138
2
58
148
191
705
451
200
294
7
331
867
5
315
147
4
29
372
8
3
16
2
13
40
4
805
514
22
1
201
637
118
78
49
277
6
7
4
27
71
213
54
358
475
7
882
36
26
235
619
100
1
44
773
2
402
73
387
218
627
7
8
949
986
106
342
28
345
541
951
742
7
49
623
7
1
34
337
559
2
495
11
187
3
31
4
9
10
90
11
848
315
151
210
1
550
67
238
4
302
601
50
1
717
35
736
266
14
480
261
723
761
567
369
262
3
43
21
69
628
393
85
71
23
815
46
659
55
126
2
2
341
26
108
294
1
47
2
859
1
58
2
179
17
87
1
905
774
2
5
128
408
11
479
5
1
51
666
36
40
97
175
1
695
61
16
77
297
9
515
14
1
902
240
1
54
9
42
94
244
40
210
67
862
37
11
85
936
808
41
563
12
4
715
236
235
108
402
45
53
26
5
72
9
21
523
642
308
461
3
670
3
383
1
294
34
2
16
249
310
50
124
4
20
1
102
890
383
2
8
6
173
17
68
61
116
99
559
98
689
682
461
301
1
327
4
12
817
637
980
22
20
375
277
4
51
2
334
6
117
791
2
495
76
15
44
281
8
922
288
665
981
31
286
1
67
453
5
73
25
1
793
1
113
778
527
24
101
3
98
661
2
60
386
22
428
41
6
31
5
517
15
68
1
726
113
649
49
36
1
123
3
7
403
162
24
11
111
369
7
20
616
276
453
4
29
4
19
189
3
40
118
1
201
1
467
571
89
5
6
626
308
20
694
32
5
264
385
334
53
819
52
929
952
8
24
269
256
88
141
1
38
4
616
50
5
546
57
122
506
339
450
13
11
227
167
3
107
333
822
279
40
17
66
9
71
1
785
49
322
444
210
545
498
398
143
120
771
11
149
339
6
42
758
164
645
319
53
315
405
111
340
103
31
711
1
647
315
1
425
571
201
3
176
128
126
259
321
30
10
23
44
21
96
20
6
323
158
67
2
51
44
1
77
329
416
92
836
2
630
6
2
603
115
84
433
617
265
34
7
8
1
6
96
75
38
685
111
479
13
9
414
17
275
315
11
61
80
33
486
19
990
553
90
477
2
889
740
28
243
235
3
849
24
256
69
127
990
16
157
7
10
702
443
1
967
3
13
975
31
200
30
864
10
711
395
544
665
36
494
369
2
12
6
747
14
1
335
108
30
654
548
152
6
135
583
1
65
235
567
88
77
505
17
122
1
399
5
16
289
597
43
982
11
322
4
222
108
25
228
710
9
12
8
3
306
254
7
199
536
276
305
192
1
5
94
12
300
81
53
112
443
585
171
336
439
60
8
7
3
75
504
312
3
639
888
292
497
60
822
237
137
104
734
1
25
388
450
424
161
649
152
2
396
623
60
354
1
249
43
4
300
659
43
14
12
111
2
256
342
8
610
781
2
11
23
777
90
1
96
24
856
887
169
4
46
992
10
58
272
865
361
22
4
11
179
1
997
48
604
20
867
62
673
153
5
17
1
84
1
16
604
357
691
99
5
157
51
31
226
3
450
258
6
286
955
5
143
274
432
343
49
2
509
526
557
1
567
2
215
6
7
26
134
1
391
88
787
9
422
23
201
17
4
1
134
16
39
87
406
24
414
2
3
4
219
3
643
248
126
76
101
7
47
168
71
108
357
884
190
443
9
713
442
47
789
800
21
271
543
572
1
43
48
2
1
18
743
925
392
208
70
224
84
133
406
117
467
18
728
110
850
16
198
42
1
14
340
719
213
25
326
15
10
888
837
151
240
42
236
317
76
36
233
1
787
483
166
22
98
60
110
562
926
326
209
133
137
114
286
256
47
18
3
73
5
14
4
264
632
185
976
114
6
179
24
233
301
383
323
353
9
63
480
581
718
76
239
200
106
269
44
13
1
113
19
537
608
41
15
43
30
484
1
2
890
653
916
233
237
17
509
59
437
68
36
652
171
763
1
169
140
5
3
23
959
857
67
762
509
29
184
771
489
79
5
69
113
1
3
701
125
1
222
930
528
95
128
742
171
471
108
951
74
880
2
178
114
16
585
1
589
121
64
2
131
22
20
565
614
2
1
687
629
24
1
61
247
75
400
2
15
38
1
27
483
164
104
579
41
678
110
471
1000
3
98
334
201
49
9
37
487
3
25
149
24
126
601
82
3
72
501
415
299
23
110
18
559
5
297
86
293
11
234
606
1
285
104
488
78
1
6
67
7
15
483
3
2
114
139
812
3
1
2
343
559
208
297
94
243
111
5
612
79
204
61
47
2
771
94
37
1
3
793
343
83
98
3
4
814
3
215
372
71
45
399
257
84
986
323
72
419
555
726
3
130
3
59
9
1
264
446
2
143
175
34
1
5
68
594
340
839
12
15
1
184
465
4
1
41
176
95
604
30
28
9
998
707
45
562
136
267
224
2
774
19
211
994
731
794
12
97
1
135
38
413
127
12
207
575
3
1
909
1
730
6
366
161
14
8
505
14
15
929
2
6
10
799
531
841
539
995
29
5
629
347
80
638
335
4
730
28
15
366
14
4
108
2
2
191
155
1
508
19
22
240
13
961
14
977
14
238
265
1
2
401
2
526
113
8
4
949
232
24
167
916
3
351
521
4
2
29
412
331
590
259
198
4
3
25
2
520
12
123
7
303
240
158
2
928
126
3
8
733
474
671
188
2
20
261
48
15
174
15
120
36
6
684
2
303
864
607
278
22
940
202
453
121
30
184
125
147
790
1
85
655
382
120
114
15
371
29
215
849
1
256
30
6
412
31
41
614
60
83
104
325
1
50
5
6
562
324
16
207
114
199
945
10
1
510
308
541
158
11
943
518
621
381
202
95
519
63
438
769
856
204
72
2
1
65
85
415
73
9
182
26
6
24
174
253
121
170
100
55
18
514
1
94
11
42
392
278
434
157
870
294
13
5
359
28
12
892
778
118
248
672
770
296
126
8
147
219
829
399
959
1
191
117
17
224
173
194
752
142
530
25
221
222
894
673
10
1
5
526
5
1
41
40
116
206
1
1
810
111
3
51
13
2
67
342
614
211
35
41
1
11
2
604
894
1
22
152
109
62
945
222
703
12
71
406
23
212
274
110
317
7
7
552
235
995
842
10
33
247
19
675
1
65
26
802
54
19
16
80
1
158
3
2
1
149
65
301
670
51
108
18
229
299
314
357
53
673
36
204
1
798
444
330
18
20
485
213
44
3
647
612
1
423
726
168
6
550
681
662
875
234
32
49
361
19
238
34
810
102
701
388
98
3
865
77
1
658
22
98
82
291
41
2
364
6
1
1
182
89
31
753
166
151
294
582
165
321
32
20
576
228
4
764
14
1
532
769
357
1
38
78
826
3
134
428
411
105
816
372
99
110
196
504
188
653
1
150
132
1
45
24
275
503
72
77
16
67
12
184
582
10
267
794
482
522
792
248
75
10
3
685
671
191
796
92
34
66
106
79
498
687
29
47
665
777
215
2
1
780
91
147
5
262
18
55
234
247
1
178
828
7
387
673
11
1
749
1
2
269
79
1
164
88
7
261
1
23
225
84
1
3
1
18
16
3
878
298
7
11
571
341
850
577
881
1
313
21
197
497
19
61
504
102
712
81
1
102
17
893
48
390
40
23
297
1
911
5
71
929
18
876
383
1
57
1
322
48
60
137
10
701
861
6
664
459
155
41
391
1
268
39
828
26
10
79
1
771
11
72
218
1
86
899
693
444
14
202
8
1
9
3
803
239
235
13
543
8
151
55
6
1
30
4
10
53
63
313
117
2
2
90
379
733
455
26
815
618
5
239
16
15
814
26
73
221
12
205
214
1
809
1
16
234
20
7
605
184
3
134
1
1
577
986
178
144
572
979
334
140
691
108
829
246
569
97
280
22
356
467
796
113
932
11
433
3
902
726
6
35
725
361
338
190
280
56
2
26
644
894
285
6
454
32
788
21
652
1
889
48
574
866
4
2
460
222
102
91
139
445
80
34
203
489
266
1
187
384
4
18
4
1
456
43
16
477
478
36
328
5
28
465
514
115
77
701
77
30
22
894
586
642
716
396
30
13
211
7
69
328
17
597
44
295
75
21
458
6
336
1
839
21
1
758
342
47
598
122
9
95
8
298
6
92
4
247
86
10
4
749
9
174
17
38
26
595
197
3
61
28
4
755
644
27
538
129
2
5
961
686
123
30
33
685
2
876
302
1
674
66
1
82
841
10
438
561
2
312
465
165
348
649
788
699
118
223
2
124
116
659
197
124
45
44
121
172
76
117
68
60
593
815
158
93
40
3
146
1
442
32
152
714
18
2
205
11
743
48
219
2
12
15
147
264
2
2
6
976
261
744
5
272
7
6
5
606
3
3
803
542
16
319
305
27
610
200
184
5
39
313
335
636
17
178
561
117
45
414
364
224
40
169
10
147
17
6
129
64
44
922
398
227
768
2
829
1
2
5
40
986
200
404
47
556
35
1
19
424
592
4
211
67
245
25
130
960
6
19
163
78
454
790
287
6
10
539
76
5
209
21
216
293
701
586
75
507
10
72
8
3
45
110
6
784
988
23
621
432
425
77
890
116
986
721
631
153
51
136
280
332
31
26
73
25
393
530
16
61
369
11
10
1
301
99
831
40
69
573
549
8
927
450
513
1
375
417
2
338
3
28
3
106
23
361
510
30
141
35
705
291
3
79
976
1
72
2
153
440
272
1
114
27
3
114
49
549
47
362
61
256
5
14
79
1
473
5
573
173
2
365
53
23
965
19
448
86
2
14
118
794
3
669
248
69
219
24
53
175
19
158
248
902
81
7
28
1
277
25
28
742
4
56
118
1
558
37
385
302
813
485
1
262
84
43
106
51
175
2
1
1
162
28
409
364
128
488
519
221
33
645
9
295
16
91
237
157
8
74
33
463
123
982
1
2
3
709
612
510
503
446
3
3
286
19
103
19
519
3
456
143
98
848
111
14
1
415
54
597
36
443
813
655
31
18
19
115
889
21
30
7
321
393
51
10
55
12
958
835
583
1
48
247
15
84
978
82
35
25
4
1
157
863
69
32
4
583
3
22
1
111
268
48
400
1
67
70
29
953
56
259
22
355
258
451
204
802
3
335
362
49
3
489
90
163
876
9
4
4
1
480
364
263
8
10
3
298
25
416
8
25
4
23
115
436
421
84
825
33
991
440
19
113
18
29
484
265
18
115
40
103
74
299
215
40
37
635
287
25
847
4
1
1
60
181
12
6
216
33
6
112
281
6
720
257
81
1
9
97
32
14
328
67
724
318
148
697
115
12
1
198
1
1
425
1
2
157
175
939
29
7
27
898
345
31
19
134
376
703
50
778
11
1
364
68
19
436
40
6
58
45
298
419
210
51
8
321
55
271
6
583
11
207
175
554
5
707
776
830
106
474
8
7
417
179
5
167
388
5
9
62
139
1
68
193
67
935
888
317
660
15
124
372
7
544
648
99
199
3
46
67
4
16
210
122
989
190
11
58
1
46
8
413
8
585
439
39
9
8
474
212
1
283
11
279
759
2
241
647
17
180
302
7
2
116
10
18
165
174
539
386
1
354
467
17
5
1
1
384
203
35
24
4
3
144
53
168
23
195
1
640
2
31
413
17
10
529
339
129
31
4
428
438
110
121
771
6
10
994
21
397
78
201
118
123
29
106
370
37
705
476
942
92
59
324
2
684
1
115
354
76
10
725
134
431
112
149
8
826
118
8
52
5
122
1
398
10
627
112
822
1
32
720
664
169
855
754
1
2
82
3
122
4
283
762
16
2
90
2
9
702
9
3
8
429
155
2
1
37
419
88
172
8
378
2
91
646
446
7
592
36
106
104
234
432
136
1
460
246
530
7
15
514
1
12
31
47
1
12
5
745
1
516
389
2
607
11
22
461
824
126
84
16
58
652
667
593
635
624
451
8
114
185
10
2
822
50
1
34
222
651
732
98
304
9
905
2
38
164
37
39
11
866
28
497
156
1
993
256
525
3
1
775
1
768
741
2
778
464
731
623
227
22
417
1
25
12
655
134
7
1
65
97
932
35
63
389
442
20
183
87
624
31
301
1
370
489
128
7
1
31
237
144
383
83
1
64
338
78
139
5
5
36
916
2
8
82
1
1
418
176
728
196
13
264
273
242
13
158
289
679
5
46
565
119
929
2
22
460
757
76
909
926
159
81
24
50
342
245
416
139
385
31
63
6
88
2
11
580
363
5
121
516
129
50
441
294
11
6
4
771
24
2
33
110
42
117
432
894
655
719
19
30
600
79
20
147
1
341
5
186
493
359
960
32
132
9
2
2
130
543
516
12
7
548
12
3
3
2
38
1
335
2
381
882
69
20
79
109
5
26
51
76
2
586
59
561
427
146
279
73
2
37
1
113
143
8
520
257
91
130
61
25
281
622
661
10
85
1
119
91
9
313
357
647
9
11
439
98
58
325
98
326
15
4
131
23
884
145
498
906
926
449
890
7
935
4
85
344
284
1
48
30
18
16
43
89
735
410
27
4
4
1
1
145
804
611
279
23
950
443
826
68
106
128
99
29
69
43
9
9
258
131
151
119
492
3
755
2
453
461
4
127
14
7
401
142
22
9
22
545
675
30
228
1
1
24
132
2
199
5
407
300
29
34
310
33
48
1
33
794
6
534
1
56
134
951
305
43
790
88
3
5
263
163
148
35
3
716
385
455
5
322
3
58
25
15
2
870
29
1
1
210
669
79
4
8
2
805
1
9
512
1
11
15
1
611
521
35
581
759
8
2
197
86
37
31
57
200
15
962
76
156
543
27
133
134
12
516
7
72
223
1
573
108
7
502
26
9
14
18
572
35
36
1
388
16
562
385
2
15
129
866
38
37
114
1
39
59
3
28
56
444
16
1
163
784
174
769
170
7
14
90
154
26
850
952
31
25
68
247
79
237
567
107
905
27
26
353
653
232
88
330
1
3
108
2
158
1
921
38
721
3
917
744
3
175
7
1
739
369
2
6
391
152
101
19
414
560
870
122
156
675
212
621
289
7
126
1
505
560
294
10
102
430
266
239
538
335
128
139
13
54
1
96
5
378
563
257
616
229
90
187
29
219
943
459
301
884
29
117
794
682
17
463
27
970
291
549
145
144
855
644
551
2
19
62
54
1
11
424
4
11
257
10
422
718
8
35
168
166
313
5
203
9
34
19
385
538
4
31
203
467
8
186
32
109
536
27
373
5
494
106
331
174
15
783
1
15
13
229
125
253
92
30
248
636
2
70
47
1
225
1
88
38
719
3
59
703
144
35
8
34
333
305
18
319
115
603
64
70
435
89
130
317
82
419
27
10
785
174
70
538
127
248
773
516
29
612
894
97
2
401
16
84
127
760
73
861
31
8
25
11
981
530
492
47
65
52
2
768
62
144
76
2
4
135
205
58
176
73
321
7
1
134
11
37
34
39
849
362
310
257
79
14
4
401
104
19
627
776
753
175
311
3
3
2
39
503
3
441
172
3
236
562
78
685
76
44
210
32
10
6
515
818
107
611
6
1
522
732
1
200
7
138
3
415
2
2
485
64
682
2
448
197
151
603
272
7
23
524
996
69
842
462
229
436
3
335
39
670
149
3
659
492
758
968
129
23
862
95
3
9
550
705
504
286
62
331
381
61
380
1
1
272
41
1
99
401
841
50
4
130
70
45
1
886
973
211
711
296
768
94
5
126
7
501
111
22
14
208
37
109
3
933
59
763
12
560
638
501
5
6
963
285
61
300
9
494
290
4
41
437
121
766
187
15
22
47
76
429
42
4
45
64
55
23
6
34
68
941
68
676
526
1
53
3
198
16
62
201
180
558
715
468
155
72
1
5
4
623
195
1
1
24
535
56
15
7
11
1
58
937
272
2
115
1
924
17
6
907
147
255
26
24
148
7
419
24
32
12
32
3
898
46
670
243
963
206
107
3
30
654
11
9
10
258
9
631
811
16
746
20
171
2
8
218
60
344
360
39
898
813
177
609
7
72
1
43
16
59
6
101
6
91
42
621
289
7
10
908
39
735
101
806
11
166
456
340
136
239
5
19
940
7
125
51
280
549
5
12
26
192
127
592
1
3
152
302
903
696
225
333
61
18
331
79
8
7
159
81
790
60
1
3
217
194
432
280
50
80
2
215
311
1
674
9
227
784
97
81
139
138
579
302
51
10
135
83
380
556
195
222
21
54
414
728
635
66
122
703
566
214
721
909
757
94
43
500
62
170
326
178
1
20
1
41
170
588
191
429
20
333
1
362
1
8
11
1
67
1
522
1
592
21
140
186
196
23
265
772
16
13
319
110
10
245
118
969
958
190
44
20
402
192
742
128
3
490
227
1
23
220
55
459
12
209
473
620
20
1
47
301
330
492
22
57
4
790
146
308
444
5
598
12
151
429
72
124
2
275
309
83
976
7
93
424
70
135
448
196
5
54
37
22
39
86
475
181
261
349
511
33
992
479
571
114
101
1
79
160
835
31
34
27
1
702
224
6
462
168
60
447
819
85
16
192
868
258
151
80
9
2
3
10
5
62
3
454
79
235
21
353
333
8
154
1
40
698
978
196
4
468
370
2
6
172
625
48
2
98
32
480
381
9
6
861
282
27
37
20
1
230
3
578
127
621
956
320
1
2
150
106
51
752
126
64
3
245
1
566
220
400
6
26
9
43
1
10
17
1
205
1
17
114
49
251
155
353
6
269
64
76
94
187
439
673
1
701
4
37
12
6
774
10
1
142
23
224
4
244
36
625
384
1
1
210
156
6
29
247
107
793
8
292
41
107
738
39
409
2
282
1
282
136
8
30
78
86
109
12
499
52
1
162
672
297
603
329
28
296
2
75
5
24
150
235
1
12
86
381
384
4
1
1
88
418
680
74
26
13
757
251
38
18
34
4
592
203
308
5
6
433
506
859
227
834
29
60
283
145
331
27
22
4
74
782
154
162
56
457
2
899
255
1
201
227
52
180
32
49
381
1
41
7
45
1
48
199
87
185
158
251
73
630
1
12
237
1
391
56
721
894
10
56
22
4
245
19
10
663
519
29
4
1
2
657
742
935
14
15
959
76
1
25
15
29
104
227
934
456
23
729
311
130
46
947
55
978
482
8
49
43
525
2
87
748
310
985
4
1
2
66
112
20
41
49
149
167
28
228
19
52
52
697
525
540
325
273
24
337
29
682
531
2
528
633
4
1
7
28
27
5
370
989
2
5
102
125
275
53
596
1
258
345
90
387
1
31
219
586
304
12
86
114
9
160
866
13
33
733
17
632
14
131
780
114
670
7
76
64
502
64
250
69
192
331
257
2
577
195
6
137
262
20
10
12
69
233
2
137
2
147
232
13
15
529
754
415
618
2
183
36
167
65
313
17
211
2
51
591
57
309
19
13
64
75
1
362
128
91
798
5
1
301
219
11
167
885
857
596
259
43
5
766
120
1
2
687
131
8
4
961
187
4
455
163
382
473
5
174
211
532
29
432
14
88
316
3
2
4
543
641
58
7
235
4
663
830
22
15
377
120
585
52
10
558
938
24
16
72
24
1
1
46
17
8
352
417
114
189
776
353
42
555
62
3
94
40
466
446
294
664
275
553
230
7
8
373
7
40
57
8
1
8
3
529
84
151
85
174
107
37
188
949
497
83
2
149
402
1
81
101
56
37
5
5
823
408
33
245
127
352
6
629
72
348
13
272
756
292
156
2
5
1
1
388
853
31
805
79
132
970
6
51
533
3
145
1
70
17
93
126
374
4
42
2
929
450
2
27
67
448
2
182
324
11
143
611
9
92
71
9
1
7
7
981
660
377
30
596
761
2
18
22
63
448
12
709
10
624
36
192
16
700
38
6
203
43
449
609
911
8
734
28
938
605
175
48
653
690
158
17
308
115
236
174
35
6
53
1
579
1
178
155
205
296
1
542
57
309
745
17
460
1
557
12
57
15
16
337
260
487
112
1
627
34
958
3
38
23
5
3
15
36
393
899
528
484
211
69
176
349
79
74
5
62
45
2
604
19
251
924
116
239
7
2
26
83
259
22
110
206
6
36
290
19
1
71
688
17
20
38
16
19
3
951
665
13
472
762
985
330
629
62
362
62
347
5
1
510
47
888
151
527
528
116
1
29
907
29
305
770
21
75
846
170
853
9
8
28
266
307
2
4
8
772
2
392
326
2
92
105
10
12
811
2
8
141
292
398
96
100
572
58
59
1
54
603
670
679
19
140
476
585
51
31
54
40
5
87
40
1
1
110
489
29
62
51
39
22
5
68
8
2
3
3
470
254
156
8
1
37
670
134
65
936
848
940
16
1
19
124
11
219
815
1
549
9
5
177
313
239
364
724
66
720
182
43
2
35
196
21
96
8
204
15
101
101
209
7
67
686
1
4
331
26
526
2
116
16
32
101
243
2
658
81
70
42
40
47
728
111
580
2
400
239
1
7
145
69
319
3
5
6
30
49
49
65
347
491
18
2
1
933
371
291
29
277
3
6
418
1
15
1
202
604
273
41
27
711
392
861
4
7
733
149
30
19
562
25
294
255
14
4
400
111
35
791
885
43
29
1
795
110
142
11
7
68
568
549
12
1
3
37
20
593
1
64
1
4
61
623
476
785
16
9
296
808
43
861
378
495
389
26
595
173
49
59
507
839
74
335
745
926
53
845
19
760
399
73
186
78
670
41
159
3
3
17
30
875
73
399
3
5
832
62
11
388
239
156
566
85
3
136
6
120
606
385
84
125
10
155
149
28
693
291
310
808
4
713
309
227
38
2
18
16
112
919
12
753
4
81
194
14
63
548
73
420
74
50
34
128
72
89
726
353
196
609
188
375
4
339
7
17
20
553
288
322
793
226
189
9
885
31
20
306
972
803
41
138
804
6
60
690
4
171
160
175
116
605
9
60
9
7
594
78
192
625
7
66
336
400
1
280
1
119
592
96
486
118
711
402
479
886
3
112
69
427
197
100
85
2
79
4
1
27
2
595
43
2
7
5
5
288
613
206
72
290
456
917
56
367
10
14
15
121
5
523
735
17
264
6
473
713
49
464
182
31
542
11
122
848
597
100
884
504
126
647
217
10
3
240
130
135
537
93
7
876
396
475
126
1
1
127
4
63
3
5
1
35
4
214
249
32
382
220
352
716
83
2
197
92
17
4
109
2
83
544
10
81
845
1
15
96
42
131
17
1
163
239
8
13
37
728
69
15
614
824
859
2
3
674
33
555
8
75
35
373
31
1
9
125
57
5
127
3
30
186
741
6
74
2
91
539
449
44
411
17
12
95
174
293
404
114
24
23
56
572
188
738
352
510
58
294
26
35
130
635
14
682
5
660
846
39
360
40
17
548
399
10
133
66
12
2
281
3
16
1
7
43
5
281
32
3
6
790
32
249
24
9
49
191
1
102
56
238
18
4
6
37
18
55
335
26
5
13
3
3
309
321
80
769
227
7
1
9
50
989
67
34
329
18
217
8
53
787
717
57
405
717
10
21
13
1
753
226
515
29
19
200
36
761
10
656
995
1
3
45
873
27
20
1
275
63
5
599
1
999
77
202
4
117
95
10
167
378
70
255
103
230
34
137
754
391
42
1
11
1
25
757
522
431
526
15
784
861
915
262
800
76
625
598
46
6
957
161
27
941
266
2
45
4
291
149
620
1
14
36
673
22
900
257
1
44
27
30
2
10
5
310
3
548
790
413
941
4
5
25
31
247
48
549
44
1
142
22
33
434
938
147
12
29
801
2
98
1
14
265
14
1
501
10
265
470
483
581
72
302
320
29
53
26
592
78
876
119
643
237
783
812
10
122
7
873
357
114
189
22
861
300
50
20
53
437
431
207
652
514
437
862
4
9
429
20
636
523
917
14
36
879
4
60
107
442
213
157
202
1
273
326
9
12
86
14
278
158
303
611
405
14
7
274
151
243
452
5
21
733
28
166
545
966
785
560
832
34
231
299
121
2
3
36
299
162
351
363
340
1
248
42
29
406
282
196
3
1
335
341
6
102
234
645
599
172
967
1
141
1
1
983
375
1
4
705
741
187
946
112
655
1
39
464
237
42
416
6
384
151
32
383
675
26
217
29
342
58
514
44
644
272
77
15
24
16
232
453
483
799
1
79
62
157
431
99
6
115
2
712
18
6
165
52
858
72
511
832
6
30
50
220
228
154
13
98
7
178
3
840
517
786
364
507
105
2
24
967
502
33
448
117
193
939
222
307
456
17
17
4
9
566
33
464
1
636
28
22
216
82
991
2
915
614
714
321
144
20
279
596
1
2
38
96
229
548
979
50
716
3
516
365
200
148
715
413
291
64
280
342
5
36
4
24
3
13
11
212
213
107
4
271
43
115
119
34
199
687
29
8
154
13
68
2
844
277
517
2
328
793
4
20
156
117
97
249
322
2
8
25
33
883
25
101
198
355
2
78
22
68
477
21
2
24
521
37
264
18
30
129
17
59
103
113
11
2
574
38
146
7
339
568
30
507
10
8
29
48
2
485
122
506
1
666
17
12
4
2
107
393
6
16
148
169
16
10
31
49
210
962
484
60
36
687
211
243
224
3
28
906
3
2
498
2
194
317
303
802
20
792
248
916
118
14
250
61
570
46
1
5
6
351
265
1
243
402
5
706
443
22
45
631
114
100
5
91
32
611
44
81
683
188
274
54
300
4
2
119
719
86
106
4
12
939
653
77
96
46
124
268
67
89
325
2
10
13
20
19
717
174
573
3
557
694
142
468
452
775
428
34
422
226
3
90
4
475
429
819
251
323
508
433
234
209
1
900
7
55
325
1
6
64
1
25
3
367
94
35
822
99
10
6
42
1
2
316
435
733
1
6
240
1
301
58
448
106
729
529
6
2
878
959
638
5
191
460
770
357
9
12
49
322
933
2
378
29
339
84
20
377
1
346
700
12
226
85
37
299
101
292
2
68
22
749
3
840
369
230
47
445
16
520
179
287
310
203
51
5
53
14
10
153
963
17
2
570
294
147
1
31
162
1
70
965
65
16
235
31
189
1
521
50
5
656
898
935
569
5
46
151
189
46
558
6
150
13
277
58
933
525
6
42
838
16
26
275
324
9
13
190
8
11
69
380
504
84
554
36
35
385
57
29
5
3
334
1
574
17
198
102
5
196
569
657
20
36
1
27
24
4
107
63
102
655
2
220
939
970
268
988
1
815
69
707
375
518
60
24
409
8
7
7
3
58
807
19
281
9
994
853
833
283
257
357
40
65
168
312
504
151
107
44
223
3
293
9
6
27
682
33
171
179
269
166
1
691
258
216
130
13
486
236
195
95
42
138
739
2
1
26
53
10
71
79
20
174
931
40
535
9
36
641
251
77
25
541
422
700
894
3
3
20
26
28
15
77
61
749
652
786
56
962
132
10
87
41
553
305
23
113
56
61
40
643
345
51
76
6
229
402
299
544
2
1
2
533
109
871
8
714
7
6
103
519
205
1
428
240
77
417
14
768
9
924
60
492
365
106
32
248
2
203
330
5
924
49
15
15
32
47
11
40
4
237
16
205
950
21
20
778
379
53
1
236
790
506
495
18
188
816
429
303
461
102
257
204
28
909
240
961
437
14
2
1
866
3
26
101
37
45
113
364
26
589
68
16
10
349
147
183
54
895
26
1
81
202
7
36
164
5
18
13
3
146
499
426
257
621
46
10
950
5
474
8
122
14
444
570
11
72
2
999
559
950
3
3
183
952
1
208
29
994
23
180
25
703
281
378
80
923
7
30
529
83
9
42
163
916
6
2
206
37
17
109
10
32
462
1
4
16
574
266
297
6
35
111
3
525
617
54
2
204
141
320
328
39
4
735
852
530
36
338
19
284
20
28
381
73
91
515
262
233
177
920
47
43
9
19
640
1
410
440
93
472
141
33
312
470
50
198
15
895
82
404
288
178
130
9
4
86
13
868
744
176
145
145
97
49
423
800
58
1
471
13
107
314
2
134
5
1
264
6
30
635
252
67
45
6
131
59
250
5
2
3
2
455
9
30
436
12
24
111
71
1
118
573
136
590
8
1
682
154
13
448
14
147
90
396
6
697
593
11
177
3
116
161
516
2
111
514
93
42
33
310
219
984
165
602
763
378
294
102
102
5
249
6
18
230
1
1
10
7
622
969
4
970
10
12
57
105
58
6
9
1
140
26
15
2
17
644
434
156
23
2
1
233
374
91
804
53
3
35
8
44
305
940
30
819
8
351
15
131
26
127
264
44
20
7
869
976
34
14
659
2
2
913
34
843
49
8
6
770
5
736
14
11
980
59
153
5
773
224
488
124
2
18
522
289
680
644
10
50
165
1
586
1
503
5
5
668
3
19
183
30
620
40
74
445
3
796
194
1
19
5
271
56
317
138
8
19
87
116
58
24
1
3
784
1
5
867
505
7
341
18
35
1
509
49
43
73
190
619
9
682
711
60
67
523
159
101
34
25
21
81
36
4
993
354
232
240
447
19
12
1
3
449
301
130
383
712
1
52
43
16
170
642
5
12
9
649
492
2
12
205
725
62
156
362
131
491
4
802
169
15
706
48
452
310
363
29
544
207
185
223
40
480
9
158
771
3
322
87
3
178
2
154
3
512
1
87
6
1
576
798
5
44
50
570
2
191
907
369
860
749
191
1
246
3
856
127
385
482
6
5
51
921
19
125
10
6
1
105
10
165
27
34
3
4
279
715
74
767
101
786
189
75
254
530
35
1
686
345
11
105
21
651
130
43
766
652
18
930
69
300
178
12
348
32
484
127
16
800
207
106
190
139
727
221
119
45
27
482
47
820
290
96
787
301
89
101
301
7
178
129
155
587
301
29
38
5
193
328
588
2
715
3
1
260
609
383
465
1
177
532
1
22
723
7
234
17
351
9
106
773
175
40
56
19
401
3
236
991
899
64
29
76
319
71
895
1
14
74
122
9
74
241
106
416
365
41
92
324
1
163
887
385
450
70
234
144
55
64
5
978
375
1
905
197
171
1
930
2
255
314
530
15
776
670
8
13
839
127
2
1
55
798
6
8
512
183
366
744
1
946
5
13
614
164
12
38
115
3
910
107
120
354
45
99
918
509
30
358
65
54
674
71
218
253
91
287
3
559
873
24
77
3
213
5
573
553
19
602
19
482
633
625
169
639
3
253
732
540
638
288
214
73
624
661
217
2
124
942
17
89
11
23
65
137
63
312
232
17
388
252
15
58
549
79
230
398
399
13
10
27
702
2
3
12
78
24
1
30
25
47
30
8
96
257
34
108
1
34
95
15
495
283
337
141
715
259
268
19
936
1
402
6
157
29
29
20
67
383
426
267
38
105
542
4
777
190
41
103
913
11
292
50
82
180
355
50
845
960
371
815
5
40
43
204
171
237
32
159
320
194
625
2
64
208
438
278
245
556
549
8
39
23
121
101
153
8
894
104
5
1
3
58
877
707
293
993
269
340
48
49
937
4
196
15
458
52
31
16
9
6
927
712
35
6
5
280
29
9
70
16
159
2
1
388
22
317
48
41
17
253
81
65
137
274
42
154
1
115
27
71
9
947
326
2
75
90
319
582
710
33
14
474
231
498
446
5
201
121
671
11
16
144
113
237
104
4
141
558
628
201
92
230
1
71
301
4
6
26
14
234
28
1
466
256
57
169
2
1
14
769
162
222
22
341
1
112
876
960
99
195
72
4
160
130
6
2
121
150
30
77
481
64
56
169
73
552
140
98
171
579
5
43
44
424
8
794
1
100
537
35
350
626
312
575
13
112
101
388
914
68
566
129
14
25
101
334
146
12
74
30
6
9
594
156
564
935
37
88
366
24
690
48
20
188
5
2
360
10
637
24
693
214
2
16
181
21
182
620
353
876
4
20
70
94
48
41
12
17
1
86
1
40
281
891
138
108
4
33
243
578
72
813
78
902
10
63
960
42
3
135
63
85
7
463
589
937
3
49
140
62
2
34
325
26
51
209
82
3
100
838
276
86
438
91
8
140
860
24
138
105
253
11
114
880
415
407
999
962
4
278
296
166
13
6
1
696
1
6
293
296
951
842
747
376
389
1
704
549
3
15
20
398
680
366
3
3
2
653
155
4
811
19
246
555
771
14
14
351
2
531
53
250
14
106
944
191
151
97
4
299
587
1
70
265
564
940
2
58
478
19
54
76
16
448
8
172
589
3
747
982
3
9
188
371
211
245
96
46
10
186
423
2
486
12
251
19
417
129
399
234
340
234
5
46
21
8
644
258
104
23
43
5
61
11
2
89
9
308
486
13
228
374
28
902
473
91
1
26
236
740
41
4
3
13
34
191
538
59
73
194
15
713
70
60
1
364
153
18
19
40
835
84
752
1
633
143
200
643
5
734
52
316
406
180
462
128
663
126
15
2
45
8
24
5
134
129
1
96
9
9
684
988
57
570
2
157
384
330
135
6
130
610
3
53
552
977
29
547
3
58
4
544
51
361
383
423
1
3
334
56
63
203
12
64
2
360
25
534
926
3
559
30
699
342
13
531
442
149
132
636
45
285
289
643
376
32
65
191
761
153
8
153
63
18
94
100
1
720
85
1
407
688
544
4
117
310
58
711
12
400
3
62
737
1
109
443
55
12
839
5
476
6
132
95
328
147
20
259
50
9
532
1
945
9
227
214
757
22
2
33
13
243
673
166
1
113
926
9
559
930
4
75
107
66
1
2
262
1
757
698
7
282
49
3
238
366
357
512
50
59
657
637
22
751
9
19
149
15
45
706
139
740
129
4
150
521
220
17
159
58
3
270
13
195
307
983
78
60
56
28
621
139
68
316
1
19
428
516
73
3
218
383
16
844
50
54
14
215
550
45
6
15
21
2
379
137
698
607
400
18
63
692
831
6
245
1
678
5
53
30
530
31
746
480
300
3
79
200
149
83
830
495
62
815
4
489
18
344
57
83
280
266
1
27
370
32
2
272
342
92
21
20
444
287
8
182
197
88
65
5
68
68
131
271
53
475
171
9
10
78
14
516
40
27
1
80
709
12
269
9
48
670
41
3
4
81
522
139
764
29
822
25
302
297
100
149
189
209
338
91
278
2
548
150
380
5
953
37
34
81
676
285
6
419
823
990
907
848
28
930
373
99
1
33
6
972
47
2
917
143
328
122
73
610
33
197
139
10
624
200
13
6
73
244
572
317
450
17
85
70
101
118
415
47
26
24
292
892
567
986
245
168
18
278
870
448
25
7
826
32
800
250
67
100
187
1
620
4
6
1
556
338
63
511
935
976
484
285
241
134
242
89
866
18
2
404
6
30
116
33
83
672
32
11
629
301
148
90
6
884
799
8
169
177
774
51
39
20
409
24
75
194
5
3
18
930
1
4
6
62
836
1
38
3
629
3
349
853
6
44
12
1
53
188
1
8
461
294
594
104
140
63
230
176
8
362
99
234
3
921
14
622
95
293
357
530
477
3
5
26
3
584
47
5
160
189
184
55
3
58
6
114
13
193
4
36
799
26
2
339
8
23
460
4
18
20
228
9
277
14
790
755
385
144
906
35
2
309
389
798
22
618
716
58
11
370
5
5
115
50
382
63
337
175
76
36
11
16
105
45
770
401
523
78
122
886
839
31
458
883
78
572
71
25
64
3
191
168
3
894
68
652
678
10
4
836
39
130
491
1
43
336
17
3
148
24
3
38
14
7
11
3
212
383
839
481
218
260
10
52
38
4
1
