511
84
104
133
3
33
6
1
7
99
608
10
17
2
44
48
1
512
2
3
557
708
456
74
3
110
37
13
4
1
30
5
14
72
62
6
6
6
10
1
1
39
138
46
740
8
80
13
12
231
25
3
889
3
1
45
1
1
153
11
26
17
1
4
4
1
1
22
288
11
303
179
115
2
531
250
356
249
2
557
2
838
3
404
96
45
252
315
19
22
8
17
9
14
90
3
1
75
3
2
28
161
101
15
4
218
2
4
154
412
2
27
5
2
92
32
6
3
1
1
2
181
91
22
2
105
717
11
13
365
3
3
554
95
1
1
24
5
2
4
136
607
25
6
1
89
8
8
1
13
102
2
367
702
52
2
66
519
6
58
9
16
5
345
139
166
12
1
34
167
1
315
15
426
2
1
648
9
1
1
97
43
1
58
313
326
1
63
8
2
13
69
3
9
1
856
1
40
391
1
2
2
2
7
1
1
192
316
2
4
937
822
10
4
217
7
167
3
58
10
388
46
4
1
1
9
1
238
53
540
14
1
403
26
135
519
2
1
44
362
545
21
9
251
19
8
7
400
1
24
5
6
85
1
1
1
792
712
146
191
3
12
5
74
275
1
3
16
2
7
43
26
372
7
19
368
7
36
36
2
25
23
12
6
3
11
11
23
5
40
612
4
1
2
623
56
2
19
48
1
1
37
20
13
224
476
72
38
138
22
1
1
8
62
15
1
1
6
1
1
44
138
892
9
46
55
143
15
5
13
29
2
694
9
34
3
803
71
30
3
61
13
2
237
13
31
658
992
60
261
17
706
352
5
60
19
3
71
21
71
345
14
1
2
225
271
26
2
33
322
4
225
61
189
2
32
14
198
80
851
39
37
860
128
5
5
8
4
212
103
4
32
25
770
1
10
3
522
2
86
7
83
8
250
47
58
17
149
155
247
38
14
42
977
16
84
27
31
6
62
2
1
9
7
89
8
2
2
63
282
440
3
84
792
27
34
1
1
2
26
316
12
15
4
369
1
431
1
116
242
127
8
200
4
166
1
47
220
32
1
682
108
15
39
20
73
1
5
569
16
135
2
1
6
135
3
163
129
40
41
445
291
378
177
323
194
516
2
3
657
190
25
4
1
1
15
2
26
132
10
13
31
12
2
30
370
6
900
82
79
51
67
1
28
1
233
2
94
1
1
2
1
10
120
1
2
1
186
476
288
14
236
2
293
140
3
45
3
753
12
21
825
1
1
18
16
1
43
1
352
11
66
7
173
24
106
25
282
50
19
2
21
121
58
80
139
6
49
21
900
1
2
1
8
6
3
368
1
31
31
5
16
38
5
59
3
42
2
29
285
30
148
51
6
98
20
367
1
1
865
1
87
2
22
5
197
153
181
8
197
26
588
277
215
988
3
1
108
1
1
115
552
154
58
479
714
25
201
3
2
519
113
1
2
12
1
4
367
1
277
1
9
20
16
3
1
41
18
899
1
614
6
28
3
1
282
76
19
3
823
496
39
541
69
37
6
2
9
12
13
3
123
4
27
7
10
880
15
2
13
520
27
2
4
10
1
1
1
596
1
84
14
12
169
239
171
109
2
26
2
7
7
127
121
445
129
151
41
72
1
32
6
8
35
3
343
1
147
220
50
990
111
1
1
46
2
2
4
1
19
593
18
2
9
7
15
8
24
29
1
594
1
90
14
101
736
6
3
1
352
19
226
806
7
2
3
64
3
130
1
3
113
6
151
7
169
519
1
17
1
12
305
1
523
244
4
182
1
40
1
1
1
17
233
1
50
122
5
3
2
8
19
1
46
5
692
28
138
14
65
3
155
2
961
189
1
77
7
8
516
29
194
8
13
433
109
25
571
2
11
137
28
1
3
68
84
1
4
4
12
42
218
933
13
1
35
88
245
2
27
3
7
248
466
2
58
28
11
31
128
2
405
2
189
66
95
1
38
114
2
198
196
377
8
149
4
486
157
4
46
173
1
6
7
1
23
3
948
15
1
502
5
2
27
5
114
325
4
1
455
8
382
2
59
99
816
42
8
40
528
10
145
103
4
16
7
1
3
201
387
2
1
329
14
3
133
14
79
224
18
15
835
149
444
9
136
34
85
576
48
9
132
16
8
970
335
84
195
1
3
6
19
279
1
1
58
564
27
3
82
4
4
3
1
7
598
3
408
5
130
49
837
127
65
4
18
6
11
2
3
3
350
3
200
560
550
21
1
30
2
1
1
147
126
869
62
1
551
200
1
7
695
31
81
82
44
30
2
5
374
3
826
5
153
1
7
8
2
2
42
206
124
125
3
8
42
924
572
2
178
306
45
157
422
30
267
83
1
210
14
132
267
632
1
322
879
86
409
1
8
9
19
10
37
31
331
616
1
137
943
778
7
4
2
2
183
43
1
3
421
2
240
21
7
39
24
17
288
1
23
47
707
2
293
10
1
74
63
219
5
178
22
1
1
9
11
585
2
12
1
21
24
457
486
241
14
28
317
201
2
205
75
1
512
133
17
7
45
1
1
405
757
2
7
460
97
550
34
250
1
43
1
14
362
3
596
24
643
34
11
141
184
162
7
118
67
3
10
12
4
39
602
1
83
2
441
142
658
2
9
1
37
669
17
29
237
2
8
765
17
80
205
286
89
2
518
779
14
878
3
375
5
31
10
4
262
602
467
18
2
16
10
21
594
331
2
1
21
6
95
5
109
35
2
48
125
347
20
443
534
6
25
16
837
263
522
10
3
120
103
57
115
9
3
183
240
23
62
17
218
12
2
1
35
96
18
13
353
10
22
1
1
20
27
563
10
286
1
1
303
2
16
2
1
847
105
283
83
3
15
8
49
14
8
43
71
1
874
41
55
1
139
22
9
772
2
779
919
16
35
3
71
808
1
714
8
397
1
1
1
154
114
14
152
1
2
2
4
18
191
1
882
1
765
2
2
2
1
49
5
195
43
4
20
3
2
285
48
19
95
9
1
1
55
1
461
1
69
1
527
16
6
64
8
228
16
15
2
4
1
443
1
74
13
11
1
1
1
18
23
208
1
78
124
363
4
32
2
1
9
18
1
21
161
399
7
59
804
3
17
9
1
29
2
1
481
36
12
38
3
2
13
822
308
4
3
14
13
934
520
2
128
2
156
91
808
22
57
1
10
1
1
2
51
519
15
769
525
245
971
62
64
73
1
9
1
66
3
7
884
161
9
2
52
15
2
3
3
460
61
128
60
236
56
29
31
42
4
758
4
124
34
235
3
11
46
233
1
857
1
2
192
76
858
279
11
129
1
6
32
97
15
5
284
29
10
2
2
55
371
28
881
13
583
22
145
22
97
88
1
245
1
16
640
232
13
17
33
1
958
76
490
124
24
1
421
55
8
287
400
60
1
2
32
1
253
3
114
1
34
5
493
16
3
30
88
16
49
286
33
191
7
3
329
7
164
96
30
353
179
7
1
2
120
2
377
271
290
2
2
74
128
7
232
2
38
4
104
4
269
1
145
17
82
284
520
61
15
157
747
101
108
1
360
205
445
48
7
2
294
5
180
293
760
22
6
232
567
13
64
107
1
409
3
3
85
908
1
2
10
19
3
102
29
18
2
299
2
1
120
3
769
21
2
155
117
8
67
80
49
2
39
29
387
4
30
206
492
5
12
57
2
414
4
370
26
162
453
838
22
8
492
14
203
3
218
21
8
762
1
7
39
157
33
81
1
274
5
225
1
8
1
17
2
323
333
774
727
2
96
1
523
18
1
486
157
77
1
2
3
330
5
37
1
211
890
20
4
17
3
2
264
113
52
5
1
13
107
14
118
1
190
2
966
1
80
85
1
654
110
73
314
488
44
28
564
120
613
113
899
9
8
211
36
157
665
1
90
57
4
102
290
962
622
363
19
1
2
3
21
573
5
49
727
3
9
365
5
13
604
6
4
930
411
62
75
191
626
346
35
24
221
627
71
117
138
35
6
1
17
450
3
78
1
40
6
673
155
233
2
2
4
134
93
3
1
145
1
830
26
2
26
696
70
644
24
60
4
470
2
2
235
3
4
25
62
9
95
1
54
59
2
547
454
115
126
699
3
76
298
3
4
5
1
8
11
2
16
1
32
94
242
28
10
27
17
512
2
1
47
1
2
15
21
892
2
300
19
52
382
1
12
40
224
101
1
1
49
19
267
145
18
3
129
1
1
535
1
551
905
53
1
10
6
22
112
98
11
15
807
14
11
42
2
180
2
17
13
32
15
170
761
167
6
21
17
1
6
1
5
2
13
46
245
4
33
91
2
936
25
38
36
45
2
7
2
15
8
26
11
261
1
423
1
88
27
866
22
1
7
3
2
107
66
49
3
146
982
55
2
55
19
994
7
12
51
10
920
4
15
3
618
79
3
2
442
2
28
230
19
374
14
74
12
4
5
3
460
402
6
1
1
184
2
38
7
12
138
42
638
22
24
801
197
484
146
4
1
243
394
57
11
304
179
506
3
68
1
3
15
1
1
3
2
59
4
5
979
386
594
609
1
171
3
38
5
429
5
1
1
58
2
4
1
4
384
6
140
1
1
344
1
4
1
182
291
20
511
9
3
1
600
135
3
30
6
4
9
14
172
6
23
59
121
111
8
274
1
423
1
21
2
31
482
429
4
451
72
298
1
2
117
15
4
476
76
19
1
1
9
28
43
212
47
383
251
1
41
155
3
2
576
270
13
10
1
2
73
68
718
15
57
98
346
4
647
1
342
44
476
205
8
980
763
44
1
1
183
305
27
254
25
26
9
3
5
6
2
11
6
36
1
154
33
6
135
332
20
13
46
16
12
30
635
9
8
9
2
14
92
203
24
6
282
3
645
466
1
3
5
944
13
1
250
133
50
43
15
30
8
1
2
82
602
1
10
459
497
1
5
1
14
41
5
14
1
3
1
6
2
158
1
10
12
5
968
11
2
5
25
61
426
1
1
433
1
1
4
13
12
1
59
1
7
62
32
157
717
1
861
32
483
865
413
199
14
10
16
18
8
67
4
8
57
2
6
3
828
1
2
20
5
12
1
13
18
321
469
7
1
10
294
8
134
28
36
555
28
224
249
43
1
41
5
592
2
4
4
19
393
130
1
10
433
9
2
1
2
1
3
2
2
95
1
259
1
288
8
356
951
9
1
21
7
7
2
199
182
1
69
60
11
28
241
3
479
12
333
6
21
3
104
186
58
673
8
375
3
90
356
755
455
15
240
5
5
33
7
105
13
579
310
4
1
560
436
852
11
4
7
62
640
13
3
6
2
84
4
4
1
81
1
17
2
1
344
1
154
565
91
153
2
208
19
39
34
340
49
58
419
465
65
1
114
1
42
5
381
18
62
43
1
199
62
4
127
15
503
2
268
1
91
332
1
18
2
111
15
525
18
14
4
3
6
29
705
4
68
1000
135
8
151
5
164
6
16
1
3
258
264
1
456
64
3
9
851
48
40
761
23
4
293
90
206
1
1
1
2
168
8
2
199
44
7
4
4
7
831
3
703
911
424
337
6
38
692
2
107
347
165
40
50
5
300
27
13
568
7
569
1
446
17
140
26
137
1
126
96
14
1
17
130
9
212
45
768
1
52
71
19
8
540
28
71
102
7
201
70
140
49
4
1
660
15
69
65
14
20
2
3
498
1
8
6
691
1
1
2
448
38
1
573
1
6
64
2
1
3
1
2
11
841
979
1
478
21
24
3
332
15
137
1
18
2
1
29
19
337
1
24
7
30
2
3
194
1
875
432
1
22
1
1
1
97
123
2
200
25
1
6
10
1
4
46
1
589
1
256
161
284
626
1
69
83
702
264
137
513
3
4
4
386
63
460
301
1
5
7
13
33
164
14
12
526
279
39
26
24
291
10
13
3
20
90
18
8
5
182
1
27
114
2
2
6
403
435
78
839
48
1
566
169
1
4
12
32
197
1
5
6
560
19
2
536
275
169
3
378
418
25
98
6
5
486
2
63
47
1
41
2
2
1
154
511
4
91
1
48
1
1
63
95
1
287
67
15
1
19
936
10
11
255
4
4
12
11
5
5
871
1
1
26
24
8
309
1
20
5
937
7
1
1
10
1
942
57
308
1
98
3
540
1
28
3
1
48
1
9
6
101
4
427
8
16
132
717
598
17
5
1
75
263
451
2
1
1
413
55
31
2
10
45
2
146
897
168
17
4
11
10
100
103
64
581
5
8
8
160
1
1
79
2
8
497
9
70
613
37
1
1
329
30
5
217
2
80
8
77
27
1
55
1
4
21
26
303
133
1
5
434
335
111
2
580
260
753
74
258
69
188
436
108
207
3
3
45
3
3
468
9
62
1
668
88
4
2
9
197
450
2
3
73
1
1
1
5
744
34
1
402
307
114
546
18
28
90
3
120
1
94
11
279
16
232
440
9
1
339
9
10
124
4
115
1
54
25
2
8
85
805
10
6
6
460
754
13
658
202
983
915
45
5
25
798
1
37
691
1
502
801
861
861
12
1
62
21
22
1
57
80
12
21
19
1
1
150
14
650
330
30
596
54
1
29
2
519
38
1
3
7
214
21
4
111
3
5
10
3
8
5
167
3
2
60
4
6
1
1
3
1
25
863
144
57
1
149
135
26
2
125
1
1
1
2
2
2
599
6
3
7
3
1
79
97
27
22
11
1
36
22
8
472
109
108
2
508
4
724
194
19
114
29
2
6
2
18
161
998
192
11
399
577
16
262
1
3
2
10
1
12
2
9
1
74
765
825
46
87
243
633
120
13
50
20
438
631
4
1
9
3
1
13
84
1
420
1
302
623
123
103
181
17
31
4
7
26
90
1
34
6
181
5
2
191
953
1
26
66
38
709
1
16
4
54
951
797
23
44
57
3
192
65
33
153
4
727
46
1
1
4
258
52
62
1
4
70
4
15
334
11
12
423
76
92
1
1
72
2
46
35
1
10
39
1
20
36
1
516
2
105
217
1
14
158
30
254
7
275
31
3
1
48
407
919
4
485
189
359
31
10
2
8
5
11
172
103
2
9
129
3
86
250
4
25
63
13
975
187
15
14
165
23
88
1
5
77
3
22
50
12
24
1
78
132
288
5
45
317
53
320
36
216
251
32
79
149
407
628
1
14
8
141
976
62
6
4
479
23
432
522
201
118
4
25
8
2
3
46
82
229
2
21
28
3
1
32
1
2
93
365
167
3
3
13
71
2
8
1
1
520
19
68
6
4
4
3
19
682
3
4
122
3
43
464
138
3
224
7
107
64
211
157
5
81
36
27
1
572
41
7
5
52
1
9
17
406
1
6
24
1
24
1
3
30
3
48
5
244
160
38
17
8
1
724
812
45
45
32
14
88
123
1
98
258
31
602
194
93
200
1
355
38
16
87
68
904
47
2
581
102
1
8
7
1
1
18
415
1
14
3
77
13
2
1
135
4
309
314
31
48
8
3
7
823
15
512
2
4
19
239
6
66
1
181
42
1
415
427
4
36
27
6
124
2
12
505
36
534
2
615
1
28
260
978
17
73
193
2
420
67
1
16
18
7
167
60
87
12
5
205
447
16
7
348
2
74
132
182
23
11
2
764
18
17
20
1
126
1
302
1
1
7
1
19
4
6
8
3
8
1
1
9
1
790
1
7
1
208
18
216
465
1
7
26
2
124
201
6
217
57
36
212
7
471
406
1
113
1
878
1
208
3
14
134
38
212
38
6
571
17
3
10
118
24
274
58
82
8
80
3
140
2
1
1
1
22
22
13
73
8
98
571
793
1
95
1
55
1
105
3
6
65
2
4
584
330
2
932
95
19
196
6
4
2
24
750
60
672
33
16
9
2
1
69
415
3
2
33
1
11
804
140
13
770
75
15
239
59
93
15
19
524
9
12
3
526
89
2
297
1
18
2
9
11
1
2
123
541
3
1
1
2
11
1
3
2
36
1
31
4
2
947
3
2
9
837
2
136
882
53
108
2
131
84
1
26
2
2
2
562
64
1
6
6
38
305
10
199
32
66
155
2
1
2
38
1
1
2
946
814
5
1
557
37
905
1
146
323
3
43
14
5
9
2
55
547
8
113
17
286
6
1
1
131
2
994
13
46
241
3
109
3
666
4
77
1
2
394
2
1
26
1
4
4
869
211
2
4
4
17
719
38
403
44
85
6
101
9
86
983
3
16
155
137
32
5
2
623
24
3
1
414
3
656
20
55
309
7
301
108
14
410
21
11
7
2
2
69
72
29
52
341
775
1
250
36
1
69
20
112
96
2
3
2
1
19
875
473
329
247
61
6
1
3
63
317
1
764
181
101
159
1
205
1
787
46
351
86
8
768
42
344
17
33
3
856
1
912
35
1
2
1
407
379
7
3
379
81
12
10
1
127
10
618
4
2
2
210
6
670
6
960
79
1
47
77
6
2
71
1
23
5
208
5
5
2
8
6
1
389
42
748
1
1
8
578
14
10
4
1
132
1
1
1
76
4
241
208
2
2
1
54
239
51
360
103
2
122
340
12
165
73
37
438
9
22
1
7
31
5
149
159
1
658
247
64
498
58
181
17
109
12
131
3
1
2
664
20
2
241
12
8
13
2
1
1
362
2
1
6
517
714
699
25
11
105
54
1
838
166
886
47
1
9
3
16
167
467
123
396
48
974
37
872
4
3
19
283
1
167
1
379
3
139
138
1
125
201
19
2
2
5
1
435
5
1
6
225
2
469
260
3
36
745
16
115
1
18
26
1
2
109
15
23
121
61
13
85
775
688
25
59
3
258
272
379
11
429
40
2
1
314
33
3
44
48
1
86
1
3
1
5
15
256
117
6
65
8
406
681
1
822
101
206
32
107
86
12
272
42
20
426
204
40
4
5
6
364
84
20
76
63
51
28
1
1
354
7
8
959
41
828
2
614
2
56
28
1
4
1
290
34
27
3
2
10
16
742
45
5
74
601
812
31
667
3
533
139
1
5
2
1
13
2
11
1
6
13
3
3
6
333
7
105
28
3
1
218
86
2
131
2
43
21
1
18
51
1
2
146
3
3
4
880
3
1
9
18
15
71
6
1
398
1
1
1
179
26
11
130
149
877
194
1
2
50
18
1
550
446
4
5
1
624
915
162
174
9
7
3
39
10
182
7
690
2
52
2
192
3
282
865
10
808
140
91
66
31
1
1
124
1
2
320
40
915
41
63
7
327
3
2
13
1
25
419
2
204
218
45
59
30
6
26
1
49
219
656
4
4
7
173
189
61
19
1
40
21
3
8
3
23
16
301
82
3
331
46
20
413
4
478
266
38
1
5
3
155
83
3
880
23
7
2
87
5
778
31
307
1
37
20
2
17
3
105
1
88
2
1
11
19
1
76
9
1
48
82
30
1
1
5
283
69
571
12
756
4
16
546
162
12
73
57
38
2
661
6
7
1
8
9
17
8
1
2
125
1
2
1
20
513
26
206
11
176
198
25
6
2
192
26
3
12
228
15
691
156
23
768
1
1
3
4
1
2
20
8
12
10
187
240
16
349
448
4
147
2
19
3
788
121
1
1
1
288
26
2
106
30
30
8
110
420
1
1
277
37
920
1
16
3
21
1
636
1
1
7
135
57
28
1
77
48
1
424
140
24
162
2
44
433
108
80
59
1
395
48
10
69
20
352
3
681
236
109
298
33
1
7
5
47
541
207
36
2
176
15
284
1
2
322
493
49
32
51
360
272
463
26
7
8
113
5
1
54
987
34
820
4
5
77
107
81
1
38
90
91
1
2
35
1
13
2
3
377
13
58
73
111
1
1
14
679
8
87
4
4
7
111
2
12
1
64
5
18
22
1
147
10
3
408
513
1
1
4
8
1
286
2
2
364
40
125
10
35
6
527
121
88
10
9
502
19
94
1
19
140
522
27
94
88
2
5
1
198
58
1
231
241
2
13
387
5
2
326
3
452
234
52
1
177
8
3
20
218
172
4
1
5
30
63
321
328
8
702
2
5
1
5
32
40
111
20
60
772
2
87
1
1
145
1
3
656
26
100
54
3
1
23
16
3
395
1
31
341
12
753
9
45
751
81
337
105
35
2
57
60
125
296
221
100
1
25
2
96
1
116
1
4
96
1
1
3
187
1
319
37
3
763
5
1
9
1
11
35
669
3
31
2
85
214
665
635
5
360
173
6
491
42
55
853
2
6
805
3
198
1
18
3
1
78
51
4
4
64
6
1
99
45
442
631
116
25
843
2
24
555
6
62
53
823
8
77
66
274
19
24
15
20
2
1
56
3
4
1
94
170
69
713
20
464
456
12
55
25
304
316
74
240
633
457
63
24
120
693
1
80
1
19
204
2
1
1
182
79
1
1
245
5
19
940
967
326
522
142
35
2
130
1
1
6
17
1
252
308
13
741
1
351
4
628
123
448
108
1
1
93
349
295
19
13
314
239
4
7
15
3
1
38
13
2
155
6
55
2
3
2
1
10
261
140
36
12
35
15
1
4
6
53
150
21
1
138
802
151
41
93
1
958
25
72
5
62
963
1
11
293
306
584
4
11
109
29
40
1
1
964
82
51
42
5
52
86
17
180
757
664
249
4
590
125
522
1
77
16
76
462
1
1
23
6
6
1
2
3
627
85
637
40
55
15
7
42
12
1
2
16
2
1
3
262
26
471
471
13
172
459
1
957
675
6
158
10
491
2
435
431
2
2
7
277
2
86
7
59
1
185
80
133
24
44
11
2
1
118
920
185
625
536
2
8
30
11
3
302
88
449
12
573
663
2
322
5
164
5
178
1
3
458
35
3
5
62
2
414
158
1
1
11
211
503
5
65
3
1
1
966
73
8
3
650
80
910
2
24
2
23
1
9
2
579
2
361
69
267
287
972
5
227
50
2
65
10
41
3
299
7
937
3
2
1
39
5
38
26
456
3
46
2
8
416
60
114
77
7
4
7
201
2
2
227
963
52
344
560
195
2
260
182
4
186
1
126
194
42
3
35
1
1
29
1
10
123
29
3
501
351
17
228
3
8
851
169
7
47
174
161
18
2
21
313
5
1
24
470
375
527
3
4
890
533
3
3
8
1
1
44
8
216
45
22
86
938
101
44
49
5
28
442
1
763
39
143
12
1
14
1
16
20
787
4
20
166
27
92
25
21
530
4
242
786
121
1
1
148
692
35
247
37
86
25
135
2
166
74
7
43
71
55
5
558
41
1
106
22
22
598
60
24
30
1
243
22
175
8
59
3
358
10
19
253
63
52
45
826
4
467
326
5
11
23
22
2
11
2
166
428
15
30
44
154
16
34
26
8
3
2
9
79
92
2
104
690
473
152
11
12
148
962
272
190
11
27
14
80
59
1
33
4
15
7
108
30
12
3
280
694
48
3
3
1
64
14
5
1
7
36
8
2
25
1
94
3
18
12
43
8
260
7
3
361
16
40
6
32
3
829
851
27
50
49
6
11
8
204
1
117
584
16
110
17
50
4
28
1
2
1
1
2
703
272
161
3
55
322
1
879
25
645
190
52
967
3
53
254
2
27
198
104
1
1
73
4
1
199
8
410
1
529
25
2
18
10
42
42
156
170
1
476
33
495
260
36
1
19
9
1
326
170
1
13
20
135
34
151
161
67
6
123
97
51
634
266
31
78
435
2
236
100
980
105
2
4
10
20
1
94
2
10
28
4
131
390
67
947
63
9
9
60
1
240
2
2
24
2
267
12
133
215
1
913
8
129
19
1
1
59
5
314
868
1
157
36
18
74
1
384
30
716
2
98
6
484
4
73
1
4
88
31
1
140
9
11
11
2
62
188
148
692
19
3
9
69
14
1
112
464
1
26
283
94
85
726
318
2
26
165
14
1
257
3
565
166
1
134
386
5
6
224
99
3
128
132
823
4
16
70
2
152
1
2
7
7
6
148
578
24
187
1
5
615
1
751
347
336
1
1
1
76
440
5
669
632
581
2
251
208
261
324
40
169
33
67
48
5
10
4
750
731
506
5
2
60
126
4
7
7
1
3
74
69
5
50
102
57
2
1
7
1
3
630
63
1
772
2
22
36
1
207
143
348
7
80
16
277
4
3
25
2
175
1
17
15
95
296
4
21
77
114
106
442
56
57
2
430
13
46
39
1
135
287
70
1
1
488
46
878
2
1
4
1
1
18
5
51
2
943
28
22
22
240
18
6
749
182
15
1
36
75
427
13
24
13
223
18
6
2
755
11
13
1
1
26
382
1
5
22
3
2
40
68
12
402
26
7
129
103
1
41
149
25
109
635
13
7
50
777
61
42
11
132
15
1
2
295
19
517
11
175
5
30
984
184
154
279
45
6
146
10
24
1
155
201
39
82
663
26
3
1
8
1
32
59
529
20
2
57
161
95
29
81
4
167
172
938
1
3
153
134
127
20
259
578
294
85
377
1
673
358
11
52
4
558
197
3
56
69
35
4
282
1
596
2
28
714
2
138
234
43
884
174
26
9
862
1
111
1
135
95
4
26
4
14
1
1
29
30
120
7
33
129
860
146
1
153
7
1
9
63
6
41
3
1
28
56
3
21
5
273
5
92
11
110
18
51
1
1
94
64
17
4
57
31
2
32
4
8
50
80
100
190
3
520
381
783
13
3
96
134
1
1
12
38
768
2
8
18
16
11
28
1
103
748
4
243
51
10
1
307
1
103
2
3
254
40
110
992
4
9
197
3
19
65
4
1
102
11
20
700
28
8
357
25
221
2
50
134
238
5
53
13
56
496
1
2
21
84
920
5
26
49
416
16
12
439
52
5
22
1
7
9
9
20
42
82
50
3
174
6
14
20
448
30
1
135
1
1
4
639
150
33
450
10
2
18
328
421
1
6
45
3
1
18
1
360
1
20
763
16
104
83
9
58
33
108
78
20
242
2
249
4
539
33
4
31
298
199
1
11
185
2
107
1
69
8
3
13
93
348
17
352
433
3
2
13
35
28
4
187
5
27
5
15
829
64
1
2
115
62
13
202
9
35
12
21
1
1
6
29
32
5
2
589
1
1
228
54
1
2
849
432
3
10
619
538
37
592
1
14
43
56
585
511
107
6
2
132
1
35
12
3
283
200
9
11
8
115
3
30
17
1
102
700
827
418
1
1
1
82
6
443
20
5
777
296
369
3
1
1
157
9
33
51
31
76
17
15
7
850
175
35
12
646
1
4
543
49
381
20
10
5
5
5
3
13
99
1
25
15
7
35
201
1
53
38
8
13
433
102
1
7
90
3
1
1
16
1
66
9
1
131
25
102
1
32
4
11
1
1
25
81
2
674
50
14
9
91
1
3
586
102
61
120
1
86
15
4
39
243
3
1
1
2
12
73
204
92
113
333
317
35
41
114
1
603
5
160
7
115
141
2
135
242
10
502
787
2
2
1
469
136
81
444
1
17
53
153
135
1
12
293
9
2
1
5
363
29
560
14
88
123
4
367
372
3
12
25
28
2
1
63
12
3
183
726
4
24
140
10
3
11
3
76
91
95
232
841
846
2
2
476
180
1
25
340
854
1
3
7
25
153
254
1
11
101
3
25
25
57
3
1
2
3
18
98
14
1
3
19
1
1
56
155
1
4
2
125
326
1
947
4
42
325
5
5
54
116
8
5
655
1
964
357
536
1
17
3
2
3
1
331
32
11
288
1
15
3
356
515
428
977
83
1
564
209
8
46
850
14
38
7
321
86
5
365
756
229
75
218
803
349
87
891
51
7
821
254
414
3
113
194
2
1
3
500
8
13
33
6
117
1
52
328
6
3
117
104
56
238
2
1
1
26
1
3
684
5
66
169
7
1
41
2
407
40
12
4
1
43
27
13
17
459
1
203
800
61
3
399
1
19
20
124
87
778
43
77
278
359
2
1
227
6
62
80
2
28
32
3
14
1
240
33
749
2
85
27
11
71
721
1
469
13
80
754
3
179
2
8
9
1
101
465
3
461
13
50
4
257
346
326
412
8
214
2
25
102
755
134
629
16
852
350
1
13
19
12
218
337
2
824
20
3
1
6
220
218
3
57
1
1
63
1
7
2
185
48
54
37
1
22
27
1
2
1
2
7
162
7
1
217
1
443
2
13
841
27
176
52
98
22
32
255
10
21
656
226
603
40
258
251
53
5
8
116
85
1
499
8
73
2
238
4
1
200
3
294
372
1
43
194
23
1
45
1
168
5
8
5
5
10
2
54
20
1
34
348
2
20
5
32
54
68
17
20
32
84
56
4
22
413
41
31
3
2
2
5
997
3
50
21
3
830
17
35
110
20
2
4
42
616
10
79
4
156
119
2
1
24
2
1
121
593
14
308
43
224
3
2
4
250
1
105
22
53
8
162
858
5
1
290
1
173
32
114
158
3
53
891
438
23
15
1
500
4
1
7
862
2
6
73
5
4
8
29
1
158
707
27
14
17
709
10
2
207
379
1
1
29
1
152
27
8
3
9
1
11
299
94
33
7
13
2
23
197
18
60
805
200
42
92
544
8
15
1
9
104
2
611
184
615
135
112
22
238
1
241
21
133
245
1
95
69
944
112
10
814
81
134
374
5
7
20
12
93
3
955
18
89
1
3
1
4
1
4
1
22
3
542
26
4
3
6
1
931
110
2
1
1
298
20
13
2
692
2
4
4
8
33
1
6
37
10
2
5
98
4
4
1
4
2
1
22
114
346
439
3
4
771
76
394
2
965
24
57
2
76
701
10
521
3
96
1
603
574
1
3
59
21
10
2
663
2
10
12
6
4
7
135
22
4
2
95
74
176
1
404
8
40
280
264
222
644
1
5
16
406
14
2
300
61
327
52
527
3
19
2
147
1
13
23
1
20
44
483
18
1
1
29
995
260
2
1
984
60
1
1
2
830
1
26
73
6
29
1
1
3
249
1
9
1
14
14
1
1
472
29
157
46
2
1
227
133
12
11
6
2
67
2
217
2
39
1
303
844
65
6
110
3
4
68
512
65
9
23
4
568
558
545
2
2
119
3
149
177
5
51
179
85
2
875
76
7
10
65
43
6
26
633
6
314
43
3
1
343
409
121
60
30
5
533
16
6
118
1
16
45
12
474
6
1
3
617
2
30
41
12
485
383
52
93
35
49
2
170
197
288
926
349
11
5
8
2
90
8
16
2
506
12
10
16
30
102
30
6
11
709
232
17
2
9
26
833
719
50
281
735
41
2
34
12
166
2
12
214
43
2
4
118
3
1
1
1
593
27
2
6
43
98
688
8
129
255
294
9
134
137
932
3
1
2
24
650
5
43
13
952
14
1
2
352
1
227
2
12
1
18
60
99
2
737
2
2
133
1
16
913
3
19
33
2
167
118
99
924
726
22
152
106
313
2
898
1
273
231
88
9
1
35
7
290
39
71
1
687
217
28
131
7
1
3
154
174
79
656
82
87
1
223
2
1
518
2
18
7
14
7
256
55
4
64
9
83
159
104
2
72
230
2
1
211
15
8
16
118
349
661
24
124
7
139
577
5
54
15
205
69
2
51
8
3
8
19
2
3
559
5
4
114
94
430
18
7
1
8
1
9
44
512
7
93
70
2
245
42
57
70
3
1
19
25
96
1
859
338
4
42
271
42
4
157
436
17
5
1
17
674
3
2
99
68
10
1
100
5
478
623
8
230
4
6
289
9
4
146
3
905
81
372
22
3
12
83
228
56
4
812
135
42
96
801
21
4
1
245
1
902
186
35
18
39
5
232
2
120
7
26
1
11
900
2
6
650
37
25
8
17
124
9
489
507
30
16
160
576
24
460
53
27
78
5
28
1
524
1
65
13
410
1
4
784
1
198
1
188
3
181
1
12
59
18
520
18
1
726
2
2
3
29
243
640
1
2
470
6
57
9
616
9
2
32
317
4
43
13
83
4
546
4
30
11
8
120
4
107
174
4
3
419
1
969
606
25
541
434
34
49
23
814
40
1
2
52
3
154
1
1
482
261
1
1
13
90
476
3
446
7
859
245
97
2
496
16
143
1
16
32
702
357
32
46
25
480
71
2
32
7
30
956
9
1
2
632
13
1
39
2
5
104
21
5
5
61
6
1
395
1
1
646
32
7
29
57
73
288
463
1
33
1
36
220
13
555
1
1
7
76
20
103
3
5
2
151
59
666
1
5
25
25
4
2
45
15
22
7
17
901
35
2
356
19
111
28
7
1
331
3
578
6
39
877
804
339
70
4
5
39
64
571
1
324
1
1
8
708
2
43
1
794
136
95
318
17
2
645
3
3
16
233
569
1
857
8
12
1
25
573
57
3
239
36
7
17
18
4
16
26
822
2
39
192
9
27
586
1
1
106
45
988
4
9
6
16
1
162
27
30
7
8
3
699
91
3
353
112
61
5
1
1
223
36
3
2
228
1
20
1
149
452
465
1
3
2
31
577
192
13
8
1
824
6
93
22
93
24
30
502
93
187
3
1
1
673
81
271
17
522
3
10
626
10
1
4
151
16
3
1
1
2
852
1
262
153
3
5
267
14
2
1
169
22
7
79
1
1
8
2
522
143
1
2
23
126
359
30
3
2
1
3
282
3
482
129
1
1
196
22
967
122
12
31
402
1
159
3
636
590
21
3
221
80
17
27
1
98
1
503
3
115
1
1
6
206
1
227
17
2
15
15
5
36
7
250
452
17
9
907
22
10
89
8
100
429
573
3
27
3
1
908
348
634
69
390
421
3
283
406
19
52
1
886
6
1
16
528
132
414
16
91
150
1
43
40
13
52
1
2
813
3
29
30
20
13
17
278
20
1
137
1
1
14
339
21
87
6
1
456
1
930
11
1
1
156
175
8
5
2
7
2
368
10
46
686
595
19
10
1
5
7
2
664
1
104
115
345
25
1
1
506
10
116
2
719
1
27
39
2
16
393
1
270
1
45
351
15
159
902
99
3
8
533
50
83
3
172
2
183
230
3
324
1
463
18
3
9
175
25
13
9
87
1
25
1
858
137
4
188
196
2
3
2
5
2
1
7
2
33
42
5
165
830
251
339
1
5
4
524
6
187
103
113
624
479
1
119
226
159
232
141
509
1
512
1
268
1
54
70
86
556
16
3
189
15
308
32
292
110
6
1
32
4
2
1
124
1
10
7
613
30
671
184
241
10
68
4
2
2
917
14
3
2
286
4
74
5
1
5
24
3
44
377
1
726
161
388
488
224
171
643
1
2
2
188
721
4
76
3
1
17
7
36
134
1
763
690
177
7
3
230
1
927
5
647
288
996
216
65
1
1
442
202
23
4
12
133
1
86
3
5
7
153
3
306
162
5
411
4
57
5
400
3
417
1
6
938
1
7
936
4
33
5
42
366
134
48
15
96
92
1
24
234
967
36
18
4
338
23
2
77
1
58
2
4
1
402
3
3
2
29
122
5
58
194
8
737
173
6
841
11
1
36
796
1
1
5
51
48
1
239
1
514
198
83
533
169
386
9
217
953
1
1
203
60
846
8
97
52
4
65
4
41
695
852
2
639
4
68
16
265
9
24
19
6
5
3
25
8
465
75
1
2
42
213
21
5
86
44
1
1
3
139
478
11
79
14
3
119
674
1
1
128
966
1
4
1
115
170
407
152
27
7
22
83
1
152
6
8
206
353
4
25
131
16
1
1
342
1
3
924
5
942
22
16
2
29
907
118
55
377
627
1
10
495
109
15
94
539
1
10
628
3
4
32
934
102
629
481
55
57
15
400
1
2
2
4
9
463
11
247
141
725
590
13
10
183
6
433
946
1
3
3
33
53
11
6
749
469
2
2
12
2
390
67
1
1
8
2
4
8
12
236
1
10
201
303
32
784
220
107
1
29
33
4
581
58
209
6
37
152
264
1
103
376
1
3
1
26
1
251
89
17
553
2
141
13
28
327
1
859
44
96
11
18
728
457
17
23
196
6
265
22
54
96
225
103
825
369
510
159
721
278
30
26
426
34
23
57
718
1
26
913
93
45
11
1
66
10
2
3
64
3
9
1
11
5
82
104
331
236
40
255
168
28
32
401
10
386
6
7
23
12
2
551
185
3
6
3
112
9
10
6
10
2
1
3
1
3
1
275
1
10
105
1
17
11
592
19
9
16
242
135
77
1
3
20
142
36
394
1
20
1
4
197
420
625
2
1
1
862
53
1
3
33
80
160
4
39
424
27
3
22
13
3
933
1
194
292
17
219
33
1
8
17
1
4
6
11
1
1
8
355
327
59
1
62
107
426
3
33
4
54
1
33
1
397
781
820
809
144
4
66
7
1
109
1
3
1
1
318
51
24
38
685
1
8
1
1
417
13
3
12
2
48
456
1
3
7
32
148
26
507
15
19
129
3
5
661
23
11
75
242
69
99
11
547
436
902
2
149
45
112
22
2
82
16
35
11
7
1
63
5
3
4
188
2
10
1
441
17
205
10
765
2
1
5
2
4
303
2
1
93
9
180
5
478
1
753
372
6
122
542
6
267
7
55
9
2
3
176
5
272
2
6
690
72
1
24
3
186
16
576
3
27
553
2
180
129
1
2
168
2
1
14
18
52
72
632
17
156
241
108
30
6
30
3
1
41
2
21
196
14
2
8
64
8
776
282
38
1
27
1
6
553
17
262
122
9
586
1
66
101
3
1
2
3
128
242
2
81
1
16
72
48
2
65
354
46
3
620
64
385
30
9
4
19
3
3
3
26
93
6
6
466
44
11
411
112
50
6
492
2
1
8
329
27
174
634
28
397
8
1
11
15
13
354
507
133
17
34
556
55
1
910
276
1
1
3
16
30
180
79
2
50
35
2
26
357
663
1
158
14
5
120
42
332
515
223
8
393
176
188
1
410
421
2
27
1
3
611
455
1
119
24
1
2
282
1
614
2
1
1
15
741
39
179
130
25
3
9
5
122
25
753
483
348
3
192
464
249
1
62
114
77
1
105
12
76
1
351
778
7
104
8
13
834
929
145
5
79
1
14
13
11
622
169
115
4
1
14
67
2
239
69
15
3
217
8
123
79
1
1
69
4
367
6
95
29
16
150
8
383
1
23
840
13
1
1
3
22
698
1
1
739
28
648
119
10
5
55
14
9
37
612
793
57
1
122
206
19
5
25
8
1
632
33
1
1
1
7
21
6
9
47
24
18
1
29
117
158
2
723
79
18
1
2
11
425
48
105
5
291
4
6
13
4
93
543
717
973
3
5
57
1
5
4
3
4
556
695
1
30
426
4
266
48
125
12
36
10
8
126
322
117
34
1
5
126
311
61
13
300
10
2
30
1
76
30
180
125
4
60
2
171
1
3
1
1
14
19
15
83
3
1
17
1
10
29
9
108
755
4
34
637
2
32
720
12
1
5
5
165
155
820
1
26
2
17
1
1
41
1
787
2
297
539
5
24
352
13
176
1
18
11
1
262
49
12
15
113
2
1
2
2
297
496
62
1
26
14
1
98
74
3
1
17
1
1
6
33
20
5
177
483
4
483
145
38
17
260
2
77
25
9
10
62
1
35
31
4
2
10
1
21
24
1
6
20
71
282
18
36
935
44
79
2
63
1
4
1
4
9
9
1
1
224
1
1
733
2
477
11
84
625
126
1
9
1
99
6
1
3
235
1
1
64
2
201
156
1
28
183
12
138
30
21
2
1
1
805
167
1
24
425
69
239
1
18
27
3
822
507
168
173
711
104
201
292
28
221
6
1
428
174
811
33
667
1
234
52
21
103
121
1
553
94
455
7
12
667
49
714
57
1
1
82
611
585
1
2
2
2
6
3
1
1
666
1
11
74
1
3
3
123
4
1
35
14
135
223
175
4
60
653
127
301
68
2
38
3
2
83
1
530
4
101
4
217
22
5
362
944
48
1
209
3
551
15
1
139
2
11
1
4
5
884
595
620
11
1
53
14
104
3
1
4
2
49
53
95
15
10
13
32
6
1
188
4
3
260
1
640
10
1
3
8
299
10
56
5
269
51
139
266
8
6
71
214
11
4
13
326
130
5
199
42
32
74
899
332
4
13
182
132
389
2
822
59
865
17
476
8
8
2
222
2
3
429
5
5
1
371
1
21
512
3
447
115
4
98
7
8
594
5
68
62
20
38
76
1
533
4
8
3
12
2
197
57
90
469
275
98
6
12
418
645
65
67
7
92
150
12
2
1
190
5
64
15
33
5
3
35
1
1
556
178
1
316
524
95
195
164
5
3
78
60
43
326
14
428
2
212
1
41
593
2
23
30
2
2
10
154
25
9
17
416
495
348
336
2
1
1
1
23
1
10
3
601
18
62
14
3
230
61
3
101
471
257
19
621
47
292
162
5
81
1
73
92
23
23
10
1
301
5
209
76
12
365
22
6
860
1
13
53
1
7
580
1
32
164
2
4
2
7
16
45
23
7
497
118
147
12
2
494
1
403
14
1
39
497
1
168
1
9
216
82
122
75
10
2
649
16
1
1
582
12
402
542
15
899
1
7
45
5
656
21
189
2
57
3
1
54
176
11
3
2
42
1
7
10
16
2
19
3
41
6
6
2
1
8
350
15
1
1
2
624
1
2
8
1
269
9
420
11
566
174
57
77
9
2
80
110
142
16
32
1
12
29
139
3
1
1
2
350
29
3
32
37
13
359
32
44
2
313
450
70
743
13
987
60
2
7
6
5
1
396
3
13
213
88
19
7
5
8
3
16
4
5
406
528
6
324
768
2
71
76
574
5
1
1
520
3
4
1
6
34
5
212
321
7
9
3
11
1
3
18
125
698
22
8
90
926
109
250
4
262
33
2
694
1
410
500
267
2
84
65
3
38
483
7
8
877
1
224
46
4
103
119
2
6
1
689
639
659
7
139
1
960
585
1
1
10
2
612
1
17
796
1
11
232
4
5
135
951
296
2
4
2
5
1
29
100
26
9
67
182
45
21
1
1
383
75
8
1
450
34
48
180
2
26
2
191
13
4
9
649
1
1
339
380
15
163
54
794
1
90
113
1
1
3
3
11
202
1
2
18
6
5
5
2
10
7
671
10
1
909
161
4
892
5
13
49
21
43
70
3
4
17
17
4
90
114
16
71
68
97
1
80
4
18
153
36
711
2
34
918
200
8
8
79
540
722
19
115
1
549
7
49
1
146
4
82
20
2
60
21
86
38
3
6
1
23
205
1
38
100
1
4
17
1
1
28
12
21
1
288
14
7
1
2
733
87
3
11
74
11
2
18
201
9
218
18
48
643
24
26
18
32
69
1
96
103
1
1
5
76
686
16
3
92
424
123
15
17
1
8
429
4
185
30
5
311
72
3
2
9
4
33
458
124
2
1
19
1
100
4
3
5
4
37
63
2
7
488
34
343
10
4
422
15
1
238
2
25
235
13
44
378
116
25
13
57
8
76
57
3
23
27
85
16
130
31
2
856
4
3
382
111
2
297
2
203
2
35
39
36
52
44
15
11
2
12
78
7
195
2
9
188
34
1
287
4
1
4
132
64
10
6
1
156
11
12
6
2
40
34
159
40
2
22
3
1
634
28
16
126
1
37
9
45
232
700
3
1
1
492
3
74
8
752
260
66
1
29
73
1
1
248
3
33
79
306
37
23
6
550
1
135
139
811
8
1
39
22
31
14
2
4
212
76
42
113
3
50
4
51
490
2
1
1
19
1
20
193
756
607
508
249
1
416
40
1
15
25
153
11
1
170
1
391
3
15
525
5
638
149
42
1
1
2
387
1
193
43
745
1
3
472
8
165
517
1
44
88
12
4
2
5
6
164
234
1
1
3
141
255
6
6
11
38
54
1
1000
3
37
154
20
532
18
15
10
1
96
10
6
66
37
751
97
90
28
10
1
1
15
24
321
2
33
15
52
1
1
21
696
29
8
4
6
72
4
2
74
13
1
113
44
156
69
481
4
208
335
174
944
4
120
216
15
446
9
620
182
1
26
9
270
3
45
6
27
1
66
11
114
5
10
218
28
18
85
622
1
1
47
16
145
8
129
47
1
191
5
1
1
2
14
1
31
128
3
203
1
9
10
22
22
22
8
14
2
15
12
2
4
680
395
23
1
3
332
449
217
97
20
542
1
20
4
12
27
166
17
49
5
5
2
719
374
49
340
7
1
839
5
3
520
155
7
2
45
6
325
141
2
81
787
3
4
21
837
418
7
6
4
2
663
3
52
1
522
1
15
1
88
33
110
710
122
839
289
46
793
4
81
5
16
28
19
92
467
297
7
31
151
83
4
5
877
1
30
4
3
197
929
52
12
148
20
293
9
17
15
136
3
111
6
65
1
473
1
1
112
65
178
579
49
705
1
114
1
3
228
1
1
139
3
1
3
1
1
17
7
296
42
17
26
8
153
36
2
2
2
43
188
2
881
61
5
7
2
192
51
3
38
407
27
3
4
670
1
353
45
9
8
351
11
560
36
3
3
81
115
148
36
41
3
1
265
2
81
8
8
330
152
3
20
2
1
35
1
21
7
157
123
11
8
3
754
365
244
168
4
38
276
4
2
16
106
6
320
63
620
114
54
219
107
574
47
71
1
1
57
619
1
71
27
1
17
367
1
264
1
60
2
12
1
4
5
4
1
3
6
26
318
124
2
11
160
5
20
63
1
19
60
22
1
19
1
11
579
9
55
1
1
301
138
2
3
767
1
22
493
3
8
50
4
262
127
3
449
228
4
21
2
6
2
27
1
230
151
3
33
48
773
9
12
4
249
924
