392
5
274
26
697
429
332
120
159
584
80
63
211
34
232
934
37
254
896
198
48
188
613
129
378
613
93
394
1
455
818
707
102
285
120
521
50
709
521
351
563
33
226
843
118
126
370
625
484
67
513
138
28
35
918
71
3
23
33
818
187
290
147
913
7
82
691
174
393
271
2
5
4
65
121
48
361
307
549
233
312
719
139
952
308
7
400
98
991
472
122
31
787
28
26
5
142
339
839
825
171
646
208
323
160
378
198
795
702
3
732
480
454
1
146
4
496
16
164
211
31
192
394
155
175
292
47
810
953
591
144
1
974
110
306
756
1
140
376
153
389
124
845
166
169
189
431
997
154
597
208
99
362
7
607
737
967
73
3
509
386
494
385
161
311
33
9
107
81
8
42
28
554
233
224
3
143
422
302
12
28
405
19
806
56
22
9
249
211
5
574
929
348
88
99
434
184
497
152
996
907
763
975
533
9
732
230
954
121
88
93
444
103
93
407
484
156
213
835
54
21
289
14
23
54
456
55
332
616
4
903
451
87
769
862
872
559
3
173
179
233
362
156
316
997
2
352
4
268
410
12
91
82
86
191
9
31
1
50
9
396
13
262
479
1
405
365
937
409
1
219
8
157
674
281
963
891
811
204
678
166
9
712
18
42
282
203
600
437
376
608
634
513
386
29
767
232
3
184
383
235
430
2
797
475
729
8
275
9
580
6
56
301
861
262
461
57
7
13
796
126
454
51
2
718
902
812
486
533
590
511
817
889
549
155
103
20
293
888
574
150
460
471
249
56
409
763
38
11
911
53
106
135
230
757
32
79
152
378
585
43
754
916
40
344
798
818
731
207
114
155
82
30
86
1
326
823
550
260
304
121
286
297
699
532
632
383
78
1
793
7
665
949
368
19
16
530
250
138
671
410
305
23
22
474
49
79
971
248
481
217
14
69
415
409
3
138
97
99
14
300
296
482
304
411
328
112
931
157
394
18
578
870
29
492
336
57
4
253
40
14
613
868
239
735
5
12
671
2
73
734
10
104
467
226
165
600
821
499
609
149
559
541
977
784
774
494
126
631
63
902
20
670
64
74
358
119
1
493
303
511
949
486
17
43
54
285
131
144
17
504
451
6
716
904
387
339
706
497
751
356
74
258
843
134
8
6
199
958
396
646
130
40
20
271
253
338
773
71
668
161
281
334
680
415
282
696
52
503
661
567
1
779
65
894
60
371
117
5
817
828
639
1
20
568
1
3
844
118
366
725
758
706
47
36
272
700
722
5
816
958
400
889
851
147
157
476
193
442
840
143
56
167
13
15
47
164
871
133
203
577
496
446
270
722
184
528
5
65
546
626
4
166
19
156
659
287
463
134
844
402
584
47
463
361
501
109
781
382
284
923
599
146
652
387
603
631
933
592
17
117
914
15
613
871
44
474
1
741
11
146
685
115
90
13
496
600
70
821
192
485
75
196
819
640
673
567
352
585
451
191
319
182
294
124
475
872
230
186
441
170
40
100
128
124
214
172
144
649
468
8
54
1
14
208
376
6
527
92
296
622
97
787
1
40
482
2
901
13
525
334
915
742
86
644
50
2
314
907
381
46
662
36
429
700
628
474
9
369
845
558
155
10
40
665
201
9
14
135
27
613
852
359
54
95
769
777
14
448
50
126
245
66
271
94
451
17
301
549
45
12
880
21
812
239
605
238
253
141
491
491
454
162
30
697
488
226
268
105
166
29
965
11
891
60
159
568
169
453
1
95
759
775
854
1
65
582
121
301
62
863
284
368
893
1
813
510
264
158
790
391
920
799
805
787
280
416
42
88
112
991
938
203
5
72
98
775
149
401
113
324
39
853
480
28
103
729
35
303
582
52
514
856
614
334
934
225
278
141
175
102
831
489
68
839
490
31
39
166
99
4
61
71
62
1
126
611
11
625
446
187
107
4
608
862
4
214
115
434
417
16
94
195
70
104
108
904
474
143
552
958
386
724
131
420
4
213
89
401
349
359
423
570
501
567
30
188
183
77
625
1
986
406
69
162
9
262
78
23
394
8
4
132
344
638
258
918
76
565
156
881
832
8
924
30
36
49
464
362
270
492
265
115
878
762
787
114
688
23
329
334
440
283
2
383
853
439
501
210
305
10
693
896
427
27
111
102
173
34
849
201
3
2
5
248
387
69
73
40
887
180
494
173
814
833
4
72
170
228
596
471
95
343
5
10
892
47
61
373
32
84
728
91
111
96
184
554
359
991
106
55
233
935
2
484
531
190
353
239
48
240
896
943
18
6
226
9
574
10
112
36
174
45
658
61
30
464
1
10
58
405
603
698
750
75
211
640
52
341
274
931
676
492
770
305
333
46
90
97
194
404
482
830
445
669
870
756
401
568
169
160
823
370
19
235
504
399
11
8
596
578
435
75
40
71
184
560
113
239
637
619
268
361
334
414
200
190
527
273
481
610
644
656
377
994
182
649
516
67
29
21
663
326
24
339
6
759
607
220
604
535
172
377
36
767
6
400
816
698
639
38
10
4
353
580
42
781
68
18
144
379
52
551
11
4
135
244
266
84
25
307
7
84
29
36
106
213
699
17
103
618
148
183
303
510
355
121
549
48
900
133
245
606
57
199
438
568
49
4
62
182
645
101
12
349
154
204
657
325
439
384
833
325
713
232
316
832
769
732
631
111
368
516
277
774
227
822
280
89
48
343
708
275
357
117
5
566
31
333
695
7
270
598
922
263
250
818
596
1
991
262
291
739
821
36
503
124
457
93
22
320
356
723
975
625
209
97
960
36
30
829
415
986
313
2
17
3
102
59
512
820
887
83
51
8
760
448
99
472
534
815
75
701
690
456
461
572
830
167
373
469
294
709
649
16
904
146
744
481
722
526
173
5
639
298
546
29
100
257
161
185
85
251
138
201
370
1
146
896
256
946
239
774
680
529
522
852
53
5
50
18
284
23
266
493
582
375
187
99
794
1
30
18
957
323
326
533
415
157
195
42
146
994
569
202
252
2
667
233
172
124
249
374
8
115
538
510
129
3
664
224
621
904
174
23
117
569
204
327
112
721
248
372
655
120
268
386
25
238
1
46
4
14
76
645
448
671
799
10
187
157
165
43
766
147
132
812
547
198
47
509
229
778
910
546
750
38
927
39
72
318
41
978
170
581
653
19
29
1
40
536
23
941
25
71
102
689
655
669
149
403
12
816
13
6
83
114
379
17
334
358
895
996
510
104
176
7
145
113
379
263
390
105
2
7
19
295
844
529
492
23
550
4
141
144
596
155
45
208
488
82
217
84
359
11
317
326
260
229
670
208
55
677
125
1
480
124
267
475
528
646
822
885
160
53
105
360
632
30
148
349
396
80
1
692
93
158
235
94
22
64
720
101
892
834
976
993
342
212
395
843
671
19
124
50
1
122
259
64
2
20
244
715
10
770
303
7
30
703
59
127
839
480
170
298
716
325
101
768
506
131
203
338
199
67
131
116
80
74
162
847
224
170
514
682
924
43
32
215
918
102
23
290
485
46
750
1
384
809
9
19
874
632
231
18
308
141
30
947
46
459
499
861
699
749
769
622
303
237
179
123
640
118
3
878
484
744
12
142
195
296
23
33
76
196
353
430
151
577
195
579
420
147
825
272
174
541
27
482
84
70
892
268
79
524
123
70
151
571
366
138
571
187
80
763
473
556
193
28
997
851
469
124
96
43
283
593
456
835
205
74
59
615
648
1
202
417
244
281
750
125
423
481
4
411
153
65
397
146
505
593
599
27
3
964
39
12
380
944
415
164
356
6
13
445
61
46
588
120
916
211
926
558
1
21
1
196
569
202
92
27
129
284
725
501
923
98
21
244
543
409
316
20
462
909
181
366
430
523
19
86
134
470
104
818
744
399
85
218
52
84
292
6
588
600
948
37
968
70
673
209
112
718
514
19
339
276
11
604
822
499
218
588
753
984
30
38
266
68
88
76
226
16
745
213
175
597
11
70
821
466
341
56
988
428
75
254
856
2
586
31
829
79
64
432
300
30
6
20
61
66
299
125
378
276
10
580
316
7
778
61
525
123
372
431
783
47
251
146
47
613
205
693
621
291
3
336
909
582
227
96
147
983
105
75
49
119
492
339
317
386
170
694
57
794
189
39
625
3
37
570
353
224
100
605
1
4
223
23
13
321
19
742
656
302
356
192
390
218
8
210
784
633
830
198
135
983
233
480
34
267
110
58
354
940
490
387
148
526
374
830
75
4
453
870
959
788
62
63
77
553
498
576
274
173
630
809
17
732
521
13
996
275
242
809
974
426
79
146
329
493
513
109
110
972
125
570
53
1
17
228
466
437
626
58
118
222
408
15
726
317
583
655
734
407
572
85
313
595
30
424
125
9
670
98
835
648
676
484
65
23
163
148
741
1
24
524
52
451
284
46
42
254
654
702
958
1
701
761
92
51
662
530
268
1
5
1
806
21
304
356
11
23
423
117
322
1
587
1
697
475
541
3
368
22
9
4
81
116
162
751
237
2
984
141
837
276
35
312
639
496
702
789
88
10
355
963
269
645
47
591
633
126
266
95
916
809
65
963
929
5
935
12
1
31
230
511
881
231
113
668
5
981
32
238
191
388
613
259
7
273
404
477
505
78
48
174
80
95
515
28
66
150
1
179
134
316
1
2
221
256
798
311
217
198
828
880
8
315
99
511
90
315
357
349
122
115
258
886
154
153
191
176
9
13
600
35
709
759
421
179
105
145
622
436
161
124
600
731
747
107
526
382
482
289
637
419
922
200
44
217
66
419
32
794
854
284
29
397
43
302
470
735
781
331
143
150
747
12
335
117
17
555
106
570
307
446
782
911
285
26
3
651
317
15
845
303
244
456
985
39
619
438
425
833
28
945
85
2
731
207
690
996
305
91
634
350
958
167
744
466
2
845
292
360
138
352
240
786
5
816
903
366
79
354
266
603
436
9
32
182
649
349
423
772
293
2
62
62
58
177
150
446
126
880
500
648
44
136
921
6
824
69
10
63
772
119
572
737
637
852
263
61
1
829
712
92
284
738
3
11
912
579
848
338
156
101
800
570
172
843
846
47
3
574
13
67
193
987
541
6
542
373
10
10
863
249
703
497
252
153
562
456
780
507
97
676
231
790
498
122
193
1
503
221
303
98
11
795
427
734
592
645
27
90
115
548
359
594
109
207
45
35
837
363
734
40
93
7
792
1
44
118
384
78
915
414
142
296
133
200
104
41
538
101
700
2
35
74
26
549
622
159
92
547
371
969
329
308
508
1
87
203
66
849
556
108
146
12
60
710
254
624
16
68
291
341
947
632
375
119
363
4
647
172
71
37
15
109
951
199
763
286
91
1
439
433
890
420
122
1
473
68
83
783
559
8
442
701
478
58
128
770
605
50
626
938
71
1
499
815
951
386
19
244
898
94
335
74
9
484
573
376
181
5
31
871
824
135
289
284
21
90
95
41
392
213
549
324
503
447
699
35
3
24
1
2
961
32
384
223
45
176
388
1
280
1
773
593
729
78
277
42
648
250
86
22
46
567
181
880
58
35
25
260
496
98
208
937
512
409
377
346
662
1
994
948
145
426
912
134
4
279
924
19
71
58
95
80
512
353
436
147
796
347
32
498
121
388
195
350
5
264
809
110
4
731
400
323
646
17
476
693
47
722
148
768
310
923
75
769
8
884
704
26
162
839
784
537
105
249
416
437
475
194
830
488
518
558
458
664
60
95
503
129
142
286
1
177
190
847
42
71
806
434
122
281
760
1
77
2
217
100
606
470
307
4
313
844
244
7
1
572
398
16
393
64
578
295
929
42
778
400
8
3
161
943
88
671
102
688
19
951
13
23
240
3
564
130
226
516
2
3
3
808
41
126
1
36
380
536
73
23
309
937
999
622
63
408
812
14
1
514
104
16
468
13
257
347
233
185
30
230
281
71
188
45
241
151
931
85
154
394
376
46
914
114
80
263
273
868
719
5
968
344
7
144
54
107
221
514
185
530
330
10
588
1
106
249
84
249
416
267
17
58
65
941
9
501
201
631
98
269
927
300
223
1
9
144
608
233
3
152
295
747
3
185
640
942
131
426
537
150
6
38
738
153
78
683
145
195
985
847
231
561
7
204
237
478
859
675
411
832
15
438
758
45
376
166
583
9
166
70
242
176
384
628
189
72
819
23
601
196
491
737
660
235
71
55
392
696
189
927
481
141
103
944
1
3
51
350
208
24
182
601
798
23
181
471
128
220
65
54
28
303
14
285
762
534
557
445
161
950
218
218
937
153
795
801
639
255
827
390
898
789
659
4
85
1
252
470
285
48
16
303
211
73
143
1
394
617
157
508
350
119
120
566
750
610
147
117
71
64
35
162
681
422
828
346
11
279
46
393
8
14
383
694
182
12
1
761
1
312
215
45
489
547
374
35
253
834
112
12
727
736
9
777
848
843
20
874
14
338
459
16
478
396
654
551
992
772
11
26
40
317
598
5
59
213
753
45
36
80
122
6
241
26
15
994
68
5
119
290
814
500
317
232
398
528
816
567
407
266
141
646
123
185
426
619
875
810
3
902
27
460
152
111
500
444
887
105
217
7
359
500
263
321
203
409
108
27
24
683
36
34
540
251
408
145
75
75
774
953
919
955
598
6
102
230
643
26
27
562
88
44
249
6
712
598
707
738
306
175
689
930
327
175
27
287
547
1
843
150
523
37
27
1
604
340
391
592
47
150
427
175
604
112
831
17
647
43
437
102
80
932
184
880
135
234
37
51
73
994
297
22
626
502
271
887
317
1
2
361
35
421
419
44
660
113
249
409
97
260
285
512
111
4
69
276
881
1
170
124
431
44
833
652
3
462
4
14
710
494
9
236
537
145
63
58
30
310
476
758
19
520
128
639
3
743
32
228
102
807
227
853
32
66
78
76
215
469
977
312
586
262
721
702
17
12
598
4
272
39
17
362
60
939
724
658
6
140
224
31
44
18
473
206
44
171
216
807
39
486
361
386
294
182
452
1
54
239
736
557
122
397
397
261
412
208
471
4
275
254
592
149
4
356
44
38
261
70
168
558
256
334
44
870
76
795
126
383
532
4
745
68
7
26
753
873
561
54
327
183
773
669
3
259
520
54
121
141
748
696
44
491
269
62
356
614
757
1
7
648
496
184
1
246
161
158
80
5
241
525
391
121
299
90
989
361
86
155
772
649
470
216
445
326
121
542
229
583
75
6
502
963
3
552
270
8
773
33
50
908
693
165
8
272
29
21
24
380
326
3
9
150
283
53
242
47
272
212
44
357
20
245
368
592
811
455
897
19
85
928
81
151
446
308
3
19
43
147
721
33
640
699
220
256
340
883
306
564
265
11
240
499
895
848
30
230
21
55
136
675
821
113
689
815
22
891
259
406
629
170
67
159
188
175
222
486
260
12
350
489
269
140
570
8
32
75
542
314
27
270
226
86
613
9
167
120
825
10
61
102
100
67
93
29
166
79
330
719
235
192
698
58
164
25
143
817
242
650
490
119
539
964
300
376
157
434
607
318
917
480
240
604
679
968
294
636
8
172
140
536
497
264
78
41
963
222
238
556
851
926
997
70
755
408
706
693
272
737
707
421
2
208
641
70
20
1
211
3
10
3
360
152
931
194
875
816
855
450
53
147
65
6
181
109
862
322
842
76
336
739
596
97
780
9
609
154
114
25
597
795
167
774
555
31
711
294
334
969
118
888
105
2
108
111
762
955
81
211
3
575
23
570
346
102
51
3
142
492
538
321
500
440
797
201
80
404
3
238
118
380
491
784
14
93
688
3
147
110
76
73
244
2
451
1
372
14
37
116
24
301
739
909
564
333
41
116
199
971
126
672
306
502
119
247
49
24
350
337
198
679
67
453
821
903
14
58
189
689
41
34
672
10
795
199
979
404
765
553
17
424
63
215
336
320
408
372
191
260
213
349
288
600
192
6
15
396
223
552
31
128
995
142
675
21
11
36
3
964
771
207
227
119
87
766
53
32
280
1
376
772
107
39
4
827
55
31
619
137
243
5
13
5
397
750
218
329
161
516
764
10
968
569
847
105
15
924
372
972
619
14
889
869
729
572
223
39
869
478
438
205
517
776
261
685
231
415
94
786
199
751
815
437
2
78
93
418
271
111
77
924
41
74
269
244
302
301
463
48
706
137
13
217
287
350
37
153
2
620
619
129
796
312
184
548
471
5
201
1000
27
170
106
585
655
68
157
902
405
442
568
582
83
764
954
128
249
383
656
38
108
45
39
56
845
343
388
108
837
285
93
361
767
432
68
477
128
941
860
204
142
1
978
1000
824
180
327
674
89
399
125
3
648
869
276
4
288
561
253
17
470
507
201
284
302
125
936
807
8
422
214
2
71
49
199
73
13
683
948
565
255
978
60
11
176
26
32
889
879
538
342
274
962
556
2
10
134
9
25
162
171
752
58
747
12
89
835
555
503
124
797
59
115
227
134
766
198
409
131
149
329
801
54
541
67
303
628
522
32
261
53
956
596
45
673
223
659
23
828
687
126
270
958
60
162
678
760
483
348
427
334
18
573
432
55
1
694
149
384
3
832
619
902
685
413
186
349
965
698
774
28
591
28
668
401
599
451
700
787
502
396
8
178
820
2
94
2
519
284
74
736
60
18
39
396
606
34
691
246
85
960
903
38
6
391
83
343
229
695
468
169
898
711
272
26
13
533
10
2
942
56
1
950
462
957
589
11
57
91
90
7
112
220
6
148
501
6
888
305
103
119
3
199
773
190
23
265
2
49
558
268
53
142
729
131
898
80
982
298
5
226
990
249
685
539
134
41
450
29
528
6
236
9
204
771
838
2
9
221
22
101
49
235
405
205
11
311
773
116
219
138
726
762
1
488
819
925
959
78
297
254
24
439
24
950
216
15
187
82
1
745
29
545
316
454
375
658
137
544
114
990
500
802
49
752
247
204
89
379
879
986
828
35
239
574
37
450
323
986
168
542
554
287
513
30
455
851
262
2
152
637
114
281
242
345
124
752
841
84
832
940
10
798
106
212
233
89
961
115
860
18
677
166
827
148
201
146
507
581
1
177
38
135
69
135
687
768
21
90
627
21
320
43
72
748
105
1
49
54
259
83
99
171
256
470
84
318
133
501
50
38
403
231
174
22
143
724
213
1
16
824
47
433
55
348
4
917
248
359
885
23
794
552
8
266
494
513
379
771
75
104
926
7
279
393
140
632
458
154
22
582
144
877
51
552
468
34
249
672
840
651
618
644
195
387
30
73
207
810
835
331
84
354
8
732
130
678
2
187
641
250
843
922
674
176
13
962
26
293
19
341
387
244
284
992
427
58
115
500
210
361
3
65
768
338
101
147
21
890
62
279
775
166
570
598
581
504
967
778
193
935
10
90
5
33
14
450
740
1
935
305
251
880
787
194
588
874
599
687
635
409
462
1000
225
6
58
44
61
253
22
285
434
23
72
447
31
3
860
638
420
1
990
69
2
225
412
884
154
436
508
148
6
732
222
812
478
31
535
852
302
344
390
8
429
692
250
686
6
8
74
284
22
14
448
198
119
3
155
845
2
973
17
66
319
958
349
342
276
131
363
40
216
144
104
281
302
514
273
260
487
117
154
148
3
169
892
408
153
43
702
199
209
284
585
527
45
337
760
313
141
18
275
47
198
981
44
2
292
370
139
729
380
387
131
96
37
14
184
339
129
21
22
513
503
996
319
385
20
554
389
222
739
5
112
8
719
301
654
523
47
32
717
268
983
460
373
16
794
914
114
129
501
199
882
23
226
13
43
455
322
72
273
150
216
346
739
588
5
330
680
503
45
431
802
228
191
674
16
143
27
312
59
994
138
657
474
793
242
278
723
120
2
708
528
95
239
547
723
51
904
146
16
102
13
839
25
243
63
221
104
215
9
53
310
434
282
771
20
237
6
826
924
23
16
427
169
78
951
673
2
365
155
694
432
248
306
442
130
426
852
412
263
312
231
567
6
13
559
713
5
162
877
305
474
605
977
1
725
216
296
665
63
718
95
730
734
320
40
533
5
583
308
355
259
139
7
624
24
29
415
89
414
66
457
10
382
178
668
4
55
1
131
501
19
233
572
447
674
388
351
66
780
3
932
314
580
1
831
399
85
189
474
99
2
7
76
986
14
326
51
16
161
2
367
562
306
285
862
40
7
287
710
279
567
1
359
57
754
524
6
290
176
371
491
108
3
919
691
619
527
505
859
170
156
417
84
821
108
128
670
646
11
334
494
154
19
30
6
852
413
989
8
1
704
717
857
518
335
229
61
21
740
109
146
164
318
349
509
730
461
352
79
470
798
195
67
7
44
427
58
944
382
162
2
11
259
102
599
707
880
14
850
281
264
197
799
54
136
111
193
32
878
782
163
171
9
913
61
326
4
23
77
4
32
86
23
1
328
5
153
115
796
450
362
964
116
85
58
7
174
147
308
733
856
3
910
96
483
17
17
37
809
2
685
480
12
17
32
353
404
637
123
363
8
373
171
162
199
128
928
2
160
629
60
255
857
27
299
42
182
776
899
51
855
884
145
8
686
53
82
16
160
255
719
133
147
157
852
82
2
109
569
281
146
200
239
5
9
126
1
766
213
294
879
1
195
504
594
3
115
154
431
142
38
947
982
408
300
223
41
771
104
428
397
2
899
727
638
713
862
107
233
351
1
975
26
193
175
788
295
790
52
20
511
9
797
760
962
976
544
507
19
1
534
144
242
89
840
927
56
592
232
221
785
849
712
804
22
29
445
25
174
490
487
593
396
346
862
92
478
405
7
263
650
8
905
610
889
136
185
665
423
742
466
13
756
107
150
485
378
351
143
527
18
187
319
13
901
586
15
310
612
627
280
282
30
571
289
5
793
965
885
223
135
19
619
690
35
16
526
26
34
445
176
416
195
128
288
4
139
167
323
29
377
914
63
146
446
482
8
354
330
1
22
380
569
906
256
7
36
80
165
193
782
477
959
732
865
638
707
465
207
312
895
7
144
402
984
777
612
15
191
566
389
169
330
447
142
1
503
146
400
40
190
62
764
667
773
3
45
324
851
13
220
238
399
9
221
182
313
784
547
87
586
272
28
164
682
19
848
28
67
264
328
4
857
66
4
671
396
412
496
637
185
351
19
195
194
413
226
244
151
619
161
944
177
84
8
920
117
443
829
41
188
199
310
240
3
100
387
957
135
558
11
631
35
47
58
321
1
1
60
921
49
605
306
449
1
237
53
447
539
17
94
893
324
259
899
361
379
4
780
527
345
161
711
864
147
359
232
745
131
275
2
742
127
397
171
285
146
60
615
823
41
4
14
767
577
385
49
521
925
719
42
460
98
2
610
167
745
357
401
673
459
149
129
405
772
585
335
159
783
992
305
438
144
664
139
663
556
370
5
363
10
335
23
16
426
506
579
76
633
979
9
700
280
105
489
62
1
50
24
33
785
322
31
270
7
258
10
468
957
170
512
185
153
467
27
261
49
261
11
3
50
818
699
4
33
835
5
212
48
198
170
12
169
182
285
302
644
42
17
797
15
563
822
6
866
327
437
285
388
351
431
459
30
261
144
766
284
825
56
496
280
177
149
627
89
219
1
41
245
556
330
398
170
300
7
139
398
136
180
26
455
85
482
470
404
18
522
195
391
427
191
985
862
359
143
270
954
199
232
354
821
18
517
366
25
244
1
1
290
480
6
480
386
177
117
18
391
712
90
53
482
153
140
202
802
508
647
405
257
431
877
995
360
741
45
62
24
524
10
238
88
421
544
23
721
94
9
501
650
551
480
604
331
893
64
1
452
144
94
116
445
77
300
125
16
835
407
568
932
21
702
139
248
42
4
21
85
804
101
25
278
813
348
396
775
16
723
954
454
255
438
348
392
650
904
143
771
482
69
51
123
4
305
1
428
787
247
19
312
662
211
9
831
623
144
79
89
466
533
299
421
45
950
280
337
617
146
107
222
743
310
124
7
766
776
4
2
56
361
23
345
25
1000
187
935
971
976
979
791
283
89
269
18
233
195
119
706
435
8
26
69
206
209
649
2
437
304
116
344
949
60
449
260
139
880
714
84
218
132
643
11
292
532
4
423
290
298
883
946
72
312
235
1
1
113
62
6
35
457
6
756
384
317
161
908
953
734
871
49
20
93
702
2
236
1
344
33
888
864
1
163
84
323
56
182
640
58
751
228
136
1
229
8
926
244
383
373
499
609
88
18
181
328
88
70
6
861
758
428
751
8
943
160
902
92
536
622
201
10
463
700
4
1
2
3
19
430
372
513
660
796
348
782
188
3
146
60
230
381
485
991
7
927
6
568
137
47
745
487
244
476
550
299
5
862
52
5
395
850
58
49
94
736
720
4
712
1
1
156
784
19
257
422
631
308
178
99
36
17
53
663
295
45
772
459
248
391
50
1
941
18
231
518
696
751
807
1000
997
451
368
32
22
724
484
353
228
50
5
54
711
99
8
81
84
277
4
528
9
41
160
2
453
309
22
108
527
42
86
94
830
233
7
87
927
123
215
378
377
230
42
772
2
140
761
145
999
608
135
167
160
37
120
490
282
3
645
71
820
521
2
212
76
1
745
13
887
523
515
759
815
625
259
298
976
38
3
644
626
8
374
215
84
463
67
9
804
1
543
215
446
537
83
29
677
811
110
9
382
791
94
700
4
306
757
413
284
410
784
697
3
116
371
168
52
17
179
745
28
556
55
24
432
38
262
98
114
321
252
91
720
339
241
221
587
451
3
72
906
898
559
12
47
164
485
161
3
997
11
177
154
418
3
897
541
208
2
669
503
677
2
445
956
253
540
54
228
181
412
17
80
663
13
809
7
22
896
465
793
620
2
687
415
6
56
351
824
52
18
190
62
38
733
166
969
357
294
514
399
195
613
1
173
604
144
397
278
879
104
459
14
201
803
860
78
687
677
368
5
310
6
1
308
267
577
699
81
599
417
7
166
7
116
805
971
61
4
263
84
217
101
173
21
122
77
201
986
85
217
371
841
762
117
533
189
452
226
34
189
437
119
28
942
108
872
544
746
115
111
502
503
998
579
898
375
523
926
848
63
151
19
640
35
383
17
669
772
8
633
33
808
325
10
682
148
773
3
11
335
98
104
416
196
96
202
275
1
223
183
116
857
716
805
8
867
553
23
135
372
385
272
108
87
250
204
42
154
10
817
11
312
519
462
2
907
570
162
218
825
242
3
519
520
23
59
53
29
220
52
979
646
917
2
406
624
37
637
355
305
953
567
1
6
84
411
742
147
130
948
13
211
178
33
297
853
977
265
93
127
235
161
351
383
823
27
282
377
772
172
850
933
971
89
868
64
11
788
49
654
1
14
27
1
712
556
359
42
975
1
95
957
8
863
219
16
130
913
241
602
219
757
147
101
579
77
12
61
125
610
749
38
966
697
520
41
7
34
186
784
549
593
387
948
271
65
440
902
112
100
402
1
1
452
20
171
760
563
946
165
15
975
414
435
912
21
511
390
997
252
186
795
21
176
335
203
819
627
17
463
62
270
305
8
349
139
4
35
302
275
676
1
3
662
110
36
898
147
95
113
175
554
67
154
443
74
685
114
460
580
411
104
47
419
427
15
118
349
21
962
40
320
787
164
353
966
150
101
95
938
166
712
696
64
292
480
657
27
538
648
146
354
523
951
1
494
8
56
114
26
129
20
186
49
25
3
46
457
53
133
594
174
549
952
62
232
1
288
187
437
201
711
81
273
11
13
353
781
169
761
528
674
25
823
89
18
877
29
619
788
388
956
448
11
47
20
591
466
172
702
468
6
19
749
308
393
734
13
601
19
8
912
362
137
770
210
148
107
120
226
493
35
22
32
4
613
14
39
4
529
162
93
38
12
10
268
75
420
272
802
253
908
294
163
584
735
72
41
664
974
473
61
16
84
81
126
666
972
560
778
838
949
573
405
908
4
224
219
381
36
127
21
592
288
220
164
370
14
712
320
69
604
495
555
767
14
176
310
76
264
49
69
147
84
186
63
26
121
563
30
1
30
323
615
859
37
241
61
93
717
36
994
575
678
90
29
637
418
733
26
134
575
1
490
53
742
950
49
10
145
983
3
549
1
896
704
160
490
695
293
183
723
775
611
945
2
60
251
350
982
863
449
10
581
435
48
980
1
214
645
30
62
861
249
44
126
627
552
626
192
369
685
45
84
968
4
113
978
546
550
76
47
243
249
665
829
764
746
404
50
847
393
384
82
3
487
23
779
61
732
171
528
100
99
92
829
292
342
287
274
290
666
69
168
29
544
52
83
811
290
553
7
139
5
44
429
16
213
691
165
977
192
92
374
750
94
811
708
138
14
343
767
87
497
504
389
928
105
96
33
94
499
744
941
552
390
41
744
837
51
87
127
57
47
25
15
670
197
363
636
349
545
3
150
195
760
391
338
548
654
642
75
285
12
897
268
324
112
588
361
328
46
206
749
152
991
4
2
41
160
2
926
746
163
349
177
76
421
263
982
80
44
511
358
492
193
207
18
637
131
143
58
106
339
64
1000
263
113
17
786
2
730
397
273
914
597
47
368
404
179
379
480
443
485
329
129
719
498
84
172
421
3
513
16
7
399
353
159
705
130
417
196
147
673
850
1
729
135
3
145
862
881
376
692
288
207
714
778
950
976
68
715
624
236
283
927
211
218
527
773
58
26
850
166
585
1
37
174
663
724
17
224
760
118
12
68
173
810
657
21
10
250
39
26
524
581
3
244
856
2
735
476
127
641
128
262
896
591
526
985
285
736
252
106
1
54
522
437
608
304
26
285
10
181
19
266
770
260
577
275
490
73
42
324
339
230
677
657
260
138
202
601
291
758
681
938
7
491
84
41
164
652
150
531
316
999
140
938
385
500
500
246
79
629
92
70
113
248
390
534
931
164
286
298
661
456
1
946
42
833
227
46
142
659
408
180
673
952
620
210
946
821
592
866
953
927
247
577
893
296
606
266
63
397
718
509
23
311
10
604
486
73
205
1
121
115
42
645
42
200
10
18
267
152
18
12
354
8
44
309
177
642
849
710
8
32
41
238
60
42
256
909
784
675
5
13
1
267
425
360
290
170
7
239
4
111
137
1
10
811
4
157
331
843
65
4
652
652
902
287
575
378
532
108
16
317
981
105
462
969
2
21
884
564
549
7
53
978
4
83
297
153
438
128
319
114
144
182
756
46
147
36
816
579
558
870
33
484
564
10
15
348
207
661
443
569
187
256
57
34
360
829
827
884
70
547
24
3
900
792
22
66
189
35
166
91
80
19
639
450
43
87
42
46
27
27
2
306
212
14
166
231
135
686
102
887
352
286
889
206
994
913
145
127
394
980
154
665
97
301
196
188
131
387
127
1
28
45
891
539
522
295
344
700
4
207
10
161
14
44
504
36
131
240
285
571
483
780
10
25
625
140
656
34
892
722
681
199
433
29
193
685
834
103
488
220
12
10
138
347
639
101
101
21
167
156
277
886
250
411
730
11
5
101
854
199
47
277
673
418
998
254
22
178
856
14
805
405
251
486
214
3
65
256
299
150
830
127
4
778
99
13
619
764
191
5
395
200
600
771
525
965
945
279
366
1
176
306
475
46
601
725
95
425
951
50
672
272
484
20
491
707
3
182
372
539
197
659
261
160
893
60
711
58
55
81
635
40
1
98
169
358
25
656
506
396
2
24
46
585
135
477
9
165
182
926
820
5
86
80
422
550
36
27
616
659
283
469
779
668
7
511
463
179
8
457
32
103
839
577
614
714
144
684
197
10
334
97
445
286
44
876
855
8
170
552
743
792
929
188
965
94
354
218
87
329
143
269
395
148
622
14
260
110
881
253
561
97
975
601
505
612
117
927
736
38
556
26
949
457
8
134
872
322
44
29
690
360
81
51
496
290
784
399
168
85
642
199
212
489
897
222
100
100
794
220
338
49
2
737
106
263
62
265
243
823
58
278
41
170
319
25
486
5
227
64
46
519
402
253
731
194
85
763
8
947
250
41
82
902
24
8
10
905
789
12
77
243
733
658
167
610
343
37
12
71
420
689
810
78
94
676
210
37
19
530
103
245
199
498
308
328
122
864
109
88
99
242
551
405
315
42
169
719
196
866
194
89
897
107
718
5
614
88
41
504
11
94
3
460
480
1
32
4
558
641
601
23
715
14
79
756
834
15
3
452
794
816
885
821
1
102
205
166
8
261
188
140
139
4
222
951
281
64
69
951
118
89
5
4
337
709
740
157
222
5
5
117
492
27
107
655
348
67
648
2
366
61
793
385
314
494
515
904
79
350
712
428
278
662
458
48
11
372
666
1
831
38
577
32
749
1
583
25
314
182
207
25
223
523
478
214
878
1
853
946
841
2
167
371
923
500
4
572
823
280
833
72
207
12
604
663
603
4
124
254
105
232
457
670
371
319
202
316
452
144
246
133
250
718
127
582
51
986
232
529
50
781
189
13
130
281
235
405
544
67
939
210
130
306
188
3
1
472
138
754
424
683
145
327
3
956
440
134
60
857
159
752
212
804
400
157
614
18
84
648
69
857
290
728
64
257
394
860
1
634
11
27
193
16
44
161
654
10
908
156
203
537
734
84
455
131
484
46
30
785
28
64
147
190
702
146
417
96
73
61
658
23
788
873
228
234
45
46
48
473
881
2
863
296
961
76
135
4
389
499
102
587
992
119
546
185
128
122
640
24
495
101
335
601
12
198
37
835
249
586
525
399
80
23
292
168
5
338
60
534
88
143
275
895
190
635
379
258
38
33
406
225
625
22
100
168
732
286
434
659
17
247
947
950
116
38
515
824
166
393
657
42
122
22
2
150
527
97
989
870
721
508
207
273
95
201
494
286
342
509
74
84
8
421
959
159
8
559
581
523
363
739
986
35
129
376
353
909
3
315
1
159
857
191
455
313
298
297
221
150
654
9
755
717
588
153
4
522
162
205
42
418
783
16
756
107
157
532
228
33
172
691
350
286
414
220
303
17
3
11
724
251
92
1
277
1
49
192
7
166
882
939
44
474
14
34
5
460
474
104
299
108
171
847
12
330
46
81
606
113
56
156
229
344
39
781
62
77
781
371
76
832
69
240
97
783
641
38
209
897
48
585
50
856
18
172
35
3
1
830
49
562
858
738
183
464
280
211
424
59
527
3
36
430
473
504
586
951
10
29
87
614
701
382
901
507
34
728
353
92
366
475
738
235
790
121
76
1
564
254
130
425
2
7
692
41
911
425
278
276
7
650
30
799
263
8
447
148
176
610
822
3
76
11
888
630
285
374
104
152
111
469
5
124
1
437
915
471
164
153
296
411
117
476
621
32
954
154
370
587
747
472
2
485
460
363
686
11
970
627
131
172
352
27
266
443
250
4
710
268
991
156
531
31
814
4
505
244
114
77
129
963
755
7
454
553
278
454
13
83
26
213
684
347
326
268
67
802
206
101
50
444
714
437
174
228
863
70
33
973
281
29
159
93
777
10
12
86
626
349
650
684
216
761
15
111
772
235
570
408
636
83
13
311
859
774
243
373
314
464
75
831
526
10
57
366
227
157
285
321
290
7
461
4
5
307
204
418
794
384
523
157
4
54
932
675
378
644
556
983
1
84
447
421
125
104
6
753
206
81
396
719
207
517
961
1
61
379
57
103
34
618
104
311
520
248
415
173
288
45
112
75
82
428
260
1000
401
355
19
653
701
837
124
762
878
458
353
3
14
623
835
427
942
580
146
909
267
430
26
320
522
4
778
90
925
273
80
530
13
211
370
785
175
600
157
719
149
14
4
908
191
856
647
114
14
409
80
4
254
512
662
160
454
48
442
134
827
2
740
214
32
362
472
40
46
921
128
13
18
941
743
82
812
421
13
369
21
10
129
859
18
150
116
440
102
173
53
115
88
116
452
433
21
221
884
237
21
33
780
65
465
21
128
519
138
484
381
848
719
262
9
100
590
197
602
52
300
265
876
279
5
484
1
718
147
7
403
79
506
746
839
520
587
492
557
10
61
744
119
393
959
267
389
122
58
25
32
44
628
146
879
470
344
372
32
369
35
435
5
67
663
361
7
924
173
153
152
7
814
211
450
8
408
1
341
112
139
200
4
380
781
94
25
198
207
841
297
303
41
249
171
995
823
2
157
740
685
101
236
77
27
497
806
70
253
25
395
334
2
192
332
111
763
646
214
274
373
865
2
490
97
225
26
58
980
386
306
11
42
49
844
352
274
942
16
261
535
8
982
849
144
131
50
561
304
66
367
615
180
120
744
28
51
888
283
177
814
857
857
105
299
542
6
696
813
440
145
606
142
450
940
729
483
130
301
971
29
752
523
23
2
547
458
20
294
286
847
163
608
368
820
499
953
193
11
449
143
24
84
325
14
1
80
817
23
779
952
967
4
8
4
910
356
146
611
27
355
35
1
90
14
123
322
219
95
306
2
73
9
604
723
376
126
348
502
166
192
455
179
116
384
408
2
192
13
369
806
296
13
106
720
161
258
201
7
269
928
208
603
57
367
674
6
300
256
861
602
806
328
26
715
911
3
901
27
796
70
7
278
18
493
252
161
135
285
222
130
211
3
655
935
792
12
138
189
889
151
75
965
117
146
876
195
24
9
377
306
616
39
133
31
413
239
379
208
743
976
1
379
83
9
693
2
5
844
31
743
908
203
88
898
191
14
355
491
791
503
3
40
169
1
613
78
26
2
562
70
286
49
157
18
422
12
196
16
287
529
749
881
420
491
195
1
146
6
32
933
171
227
759
627
624
656
60
2
585
211
30
502
622
19
3
509
170
655
280
222
189
886
308
276
275
626
672
243
57
884
741
63
272
684
49
148
709
497
535
675
1
244
32
601
670
182
349
182
157
323
201
910
1
511
128
438
389
143
87
275
39
8
224
231
5
98
237
362
14
701
164
725
670
5
33
22
449
445
262
182
552
990
466
323
76
890
143
969
852
308
245
247
250
795
74
365
641
699
19
194
98
629
148
796
85
263
953
45
902
504
436
508
28
13
731
99
816
364
442
262
14
609
651
108
470
709
23
368
903
87
532
108
872
192
67
360
983
180
326
229
5
693
302
84
348
3
15
324
463
807
19
842
6
76
749
89
873
5
268
696
192
700
68
66
501
976
282
801
919
252
908
507
348
58
75
253
1
954
273
333
111
272
103
47
813
789
72
23
155
68
136
287
280
3
431
795
8
36
603
943
625
63
305
223
29
17
133
314
446
83
426
565
366
567
148
11
270
72
10
1
789
934
282
651
695
169
32
192
274
174
963
20
170
835
572
7
452
112
554
191
3
664
62
13
751
704
3
378
51
755
656
13
733
84
87
2
866
785
879
366
642
334
239
2
10
75
443
799
5
254
704
792
818
40
501
70
69
835
62
265
428
336
391
553
9
121
15
647
110
535
413
239
539
245
625
347
353
537
818
12
894
25
116
400
2
57
39
806
464
798
445
452
29
3
30
53
372
54
102
333
908
247
659
49
76
4
33
8
158
544
3
901
18
182
498
859
441
349
957
354
77
803
302
372
27
128
310
964
42
639
210
4
710
273
610
246
601
564
601
809
1
407
591
56
12
662
154
358
144
454
101
642
77
134
967
111
6
194
825
14
65
974
646
816
863
54
202
93
11
188
376
226
493
146
803
341
389
345
234
993
742
495
143
789
655
212
981
139
337
1
84
2
6
70
1
232
3
832
61
204
351
307
4
242
299
240
145
602
53
503
84
793
641
34
485
242
625
216
1
15
26
32
543
84
948
258
437
839
10
42
19
103
225
81
183
769
29
78
910
231
57
276
9
12
551
245
50
5
424
57
240
1
25
138
827
739
893
417
12
520
800
11
302
322
84
351
141
746
33
262
118
668
76
35
895
776
91
308
78
554
3
21
775
215
392
143
38
750
151
25
666
39
530
78
44
152
103
827
284
825
171
37
123
411
475
295
604
384
111
53
591
17
414
67
406
749
363
914
993
390
345
53
778
622
588
157
488
186
345
700
272
892
13
27
268
235
5
6
462
766
175
835
5
90
12
138
511
544
3
219
18
429
657
532
426
257
417
86
14
43
355
217
71
89
266
53
625
451
759
55
584
80
888
8
82
261
37
31
934
610
179
301
611
782
743
450
335
149
766
158
74
492
27
219
985
168
22
463
43
304
105
49
429
240
864
689
126
361
578
826
950
612
771
174
395
229
232
22
429
936
293
107
358
397
143
352
332
678
812
870
657
125
12
2
519
462
342
1
259
274
815
301
17
305
93
649
722
326
166
608
233
269
776
189
191
302
71
139
17
948
476
586
1
904
663
902
479
150
801
640
66
2
633
83
623
591
797
610
240
56
703
934
150
768
139
134
7
22
49
123
390
190
11
248
51
666
32
324
39
86
786
116
150
884
218
609
482
198
268
42
442
38
262
678
29
393
1
352
13
377
287
39
21
261
691
74
553
100
747
553
8
86
589
139
562
947
74
657
906
348
917
45
134
982
63
40
101
219
91
312
631
730
147
10
204
472
508
880
327
345
23
551
317
6
61
360
774
754
640
207
65
290
67
801
66
21
39
106
17
39
64
643
81
710
205
324
973
893
337
796
78
15
38
60
15
53
344
22
837
22
1
854
182
9
45
551
1
97
592
183
346
248
609
197
568
267
528
812
488
412
357
552
291
262
187
99
172
15
47
698
2
40
99
3
103
747
87
618
298
966
922
287
39
906
947
945
332
11
934
333
143
182
48
665
331
283
81
790
204
45
206
13
376
478
471
994
25
907
362
158
45
536
308
31
68
1000
756
966
722
50
193
587
134
787
490
44
495
179
6
129
418
363
53
95
689
90
160
532
222
32
608
279
590
495
878
193
152
57
38
249
15
466
780
706
68
120
801
44
250
379
865
40
14
106
13
492
17
123
750
450
392
394
57
5
573
628
844
352
461
175
694
507
20
707
4
739
3
14
151
464
791
15
154
835
612
744
86
456
492
793
331
506
34
71
130
173
19
850
243
5
54
85
1
19
494
841
501
307
529
98
196
6
39
442
657
645
335
53
50
126
83
121
773
883
34
24
174
439
451
834
4
155
581
752
494
457
16
881
493
29
248
79
74
815
44
230
155
147
193
1
104
2
46
76
155
190
608
157
540
218
356
41
459
383
126
650
92
66
110
379
33
194
192
458
10
898
774
6
821
116
1
141
195
435
903
488
79
951
9
17
561
101
73
244
193
33
4
61
246
136
127
473
933
12
530
617
129
166
255
92
980
615
330
433
575
295
15
108
901
15
904
72
784
249
617
92
393
288
941
257
276
74
939
175
388
45
575
725
12
66
346
892
476
671
31
10
452
430
315
639
178
124
131
884
40
310
376
28
553
178
665
695
138
939
8
795
90
246
70
180
225
272
3
18
339
186
336
515
150
9
57
517
71
668
492
832
348
35
235
580
217
391
3
604
22
871
17
483
820
424
441
587
441
96
535
848
237
662
6
548
173
155
173
1
2
765
333
440
244
1
225
283
667
878
675
236
3
310
269
206
1
25
101
743
14
15
1
47
11
134
10
46
809
525
527
653
35
489
649
551
85
316
277
749
168
2
432
31
122
372
960
80
178
22
881
279
682
1
160
453
748
117
470
156
211
27
613
324
182
184
216
518
108
60
4
421
604
219
639
109
151
483
1
215
719
17
882
69
205
160
1
319
258
780
83
999
65
382
171
711
374
443
855
307
889
355
843
115
317
790
3
107
547
669
713
114
837
12
357
548
644
1
445
30
289
545
468
776
19
9
583
276
209
595
629
101
278
66
1
4
135
274
243
3
737
2
176
11
639
6
84
820
52
827
894
397
81
913
281
779
795
869
510
384
572
364
353
822
318
92
79
19
23
11
54
892
148
881
359
7
937
277
624
455
15
938
201
434
301
6
731
178
453
845
628
812
653
124
38
96
298
100
70
166
77
21
47
949
61
92
990
91
962
1
68
28
861
98
30
7
36
31
804
42
147
799
252
632
20
31
93
25
982
374
364
288
2
698
496
13
52
4
195
59
886
499
756
598
88
261
261
257
974
746
362
632
187
797
148
543
108
764
166
38
94
829
499
18
967
321
68
863
36
243
1
146
750
649
24
379
502
218
219
641
182
308
9
196
346
22
739
52
139
1
204
95
560
280
195
288
605
332
158
949
26
304
20
261
556
697
836
142
144
206
37
8
493
561
720
951
405
215
240
61
53
272
581
581
27
29
594
395
927
403
761
182
849
778
387
370
82
783
71
656
12
297
844
362
972
301
33
61
629
112
950
327
386
404
639
525
288
993
886
30
635
898
561
308
323
811
70
342
367
927
321
159
110
355
114
419
31
13
157
12
482
778
75
574
28
20
5
715
157
378
57
870
435
955
251
710
589
30
417
265
623
303
417
883
275
435
372
336
232
527
200
19
258
291
269
48
85
125
962
553
413
225
423
519
657
579
146
779
211
928
7
405
73
505
3
184
66
676
532
140
69
139
876
329
644
566
189
51
698
761
182
69
977
298
6
969
882
130
495
282
46
769
206
855
10
1
796
933
228
254
246
714
62
404
775
5
35
57
94
19
162
224
910
745
458
892
26
351
499
748
616
350
932
29
202
237
340
841
49
809
943
